4 1 19 1 3 1 5 6 1 15 1 24 1 17 1 25 2 11 7 5 1 17 22 1 13 24 13 15 1 10 5 20 1 19 1 11 2 25 3 22 3 25 1 24 1 15 1 9 17 1 4 1 3 1 24 1 20 10 1 5 6 1 10 16 21 1 11 1 19 18 1 14 1 10 8 1 1 16 1 21 
5 1 0 11 21 16 1 17 1 15 1 15 1 8 1 10 16 21 19 1 3 1 7 2 1 22 1 19 1 6 1 1 1 1 16 1 24 4 13 22 7 1 3 7 2 12 1 11 6 8 23 1 12 1 19 1 9 1 1 8 1 7 5 1 23 8 1 2 0 12 2 0 2 0 1 22 1 16 1 18 
18 21 23 1 3 1 15 1 25 6 17 3 25 2 12 1 13 1 1 25 1 6 17 1 5 11 1 3 1 1 6 1 18 1 25 1 24 1 2 8 23 21 16 1 13 4 1 9 3 12 22 1 8 7 1 21 23 5 14 1 10 9 10 5 7 22 1 19 1 9 1 23 1 24 25 24 12 6 11 20 
3 13 3 13 4 1 7 5 23 8 19 1 22 1 3 1 16 1 10 1 7 1 12 1 3 1 18 1 22 1 12 2 14 9 7 25 1 18 1 8 5 14 2 25 6 8 6 25 1 12 1 21 23 8 1 22 1 5 0 1 1 4 24 13 1 24 1 21 1 23 1 7 1 3 1 22 13 3 1 16 
10 1 16 1 11 21 1 13 4 1 24 15 1 11 1 16 1 10 1 18 1 9 1 14 1 1 25 24 1 2 1 10 7 1 11 1 0 8 1 13 1 7 2 20 9 20 1 10 9 1 2 1 15 1 17 1 19 1 0 12 1 12 1 0 11 7 25 1 14 7 1 24 1 5 0 1 17 13 1 21 
24 1 3 22 3 1 9 5 25 1 24 1 3 1 9 1 3 1 9 1 16 1 6 12 1 16 1 23 1 13 24 1 10 1 7 2 6 1 23 1 12 0 1 20 1 19 1 17 1 13 15 1 0 1 18 21 1 2 1 1 5 0 20 1 2 1 11 1 12 0 1 16 10 9 20 1 5 1 13 1 
6 1 0 1 1 4 24 1 24 1 18 1 8 0 12 1 12 3 1 1 6 1 7 14 2 7 17 1 4 1 4 1 21 1 14 2 1 10 16 1 14 1 2 8 2 20 1 15 4 1 11 20 2 1 16 1 17 1 16 1 10 16 1 13 22 9 14 5 23 1 10 1 14 1 18 1 6 12 25 1 
15 13 24 1 22 1 4 1 2 1 9 0 2 1 16 10 1 3 1 18 1 1 20 1 13 1 7 1 25 1 22 1 14 14 8 1 13 15 1 11 5 20 10 9 0 1 10 7 1 8 2 1 2 1 5 25 1 8 1 8 1 18 1 1 18 1 23 21 1 24 1 24 1 5 1 18 1 7 1 14 
19 1 14 2 1 3 25 1 20 1 25 1 22 7 2 12 1 23 7 17 1 2 8 1 0 20 1 10 23 10 1 9 1 0 12 1 2 6 1 1 24 1 1 15 24 4 24 1 22 7 17 1 15 1 3 1 20 1 23 1 18 1 21 1 3 22 3 25 11 1 24 1 15 24 1 3 25 12 0 1 
14 1 24 13 17 6 1 10 1 16 10 1 7 1 16 1 5 21 18 1 5 25 1 4 1 13 1 9 1 18 19 1 11 1 11 25 9 14 2 25 2 1 11 1 23 1 12 6 1 3 9 6 1 1 22 1 17 13 22 7 1 8 5 0 20 1 25 1 20 0 1 6 1 5 0 1 11 9 1 5 
2 0 8 1 22 7 23 1 17 1 10 1 9 1 3 1 1 15 24 1 12 1 18 1 3 1 21 5 1 16 10 8 14 8 1 2 1 24 1 9 0 9 5 6 5 1 5 1 12 24 1 6 12 24 1 15 1 12 3 17 6 9 14 14 1 10 20 14 7 11 2 8 1 0 2 1 5 7 9 11 
25 1 22 1 11 10 16 1 4 1 3 1 16 1 20 1 16 1 4 1 12 1 20 9 5 20 1 23 1 23 21 1 18 1 14 1 12 24 1 10 23 1 6 12 0 1 22 17 6 17 1 25 1 6 1 5 1 17 22 9 3 22 12 1 19 1 13 1 21 5 1 3 1 22 1 16 1 21 1 3 
13 1 1 16 21 1 2 1 25 24 1 1 24 1 16 1 17 3 1 25 2 1 11 8 7 1 6 1 5 25 1 6 9 17 1 11 1 15 1 5 1 20 1 18 1 2 5 21 11 1 6 1 7 10 1 15 13 1 3 12 3 1 15 24 12 9 0 1 22 1 13 4 1 11 25 11 1 1 18 1 
12 1 11 1 22 1 15 13 3 1 15 1 9 1 7 23 1 13 1 14 1 9 3 1 6 11 1 2 1 2 1 23 1 16 10 1 18 1 6 5 1 0 1 18 1 12 0 1 15 1 7 1 25 6 1 19 1 12 1 0 1 9 2 1 4 1 5 1 3 1 21 1 20 5 14 2 1 0 5 1 
21 1 9 1 16 1 13 15 1 11 1 24 12 2 5 20 1 15 1 9 1 0 1 17 13 3 13 1 19 18 1 21 19 18 1 12 24 1 4 13 17 1 3 1 0 12 9 1 1 25 11 8 1 12 1 23 1 20 1 15 13 1 2 9 14 1 15 4 1 6 1 22 1 17 1 17 1 21 1 15 
11 1 20 1 19 1 3 22 12 1 10 5 7 1 22 1 20 10 23 21 1 3 1 20 1 7 25 7 9 1 12 3 12 1 8 2 25 2 7 1 14 8 23 1 7 22 12 3 1 7 22 3 1 18 1 0 2 1 3 22 1 17 1 1 16 1 13 1 2 25 6 12 1 1 6 1 21 1 5 9 
7 1 24 13 24 4 13 24 1 7 5 0 1 0 1 24 1 2 1 5 1 10 1 6 11 1 2 12 1 16 1 25 6 17 1 10 1 4 1 3 1 23 1 22 13 17 1 7 11 21 11 1 15 1 13 15 1 12 1 8 19 1 13 24 1 18 1 4 1 20 1 18 1 20 1 8 6 5 1 2 
9 1 9 11 14 5 1 24 13 1 2 25 12 1 10 5 10 1 22 1 0 1 19 1 8 2 7 5 1 23 8 1 5 8 1 4 1 19 1 3 1 20 1 21 1 16 1 25 6 1 16 1 0 1 5 1 14 1 10 1 19 1 2 1 16 1 0 1 3 22 1 6 25 2 1 10 16 1 25 2 
20 2 25 24 15 1 21 1 16 1 1 17 1 5 14 9 3 9 11 1 15 1 12 3 25 2 6 1 5 8 0 20 5 11 25 24 25 24 1 19 21 11 10 20 11 1 13 1 0 8 1 11 5 1 1 25 7 1 24 1 21 16 1 1 6 2 1 7 10 20 1 15 1 23 1 21 19 1 13 22 
1 16 10 1 14 5 1 20 1 19 1 13 17 1 1 14 1 17 1 18 1 2 8 1 18 1 2 1 23 7 1 11 1 25 5 6 5 14 20 1 0 11 7 1 20 1 12 25 24 1 21 1 0 1 19 8 5 11 2 1 23 1 23 1 14 1 16 1 24 1 21 23 1 11 1 19 21 16 1 22 
16 1 24 12 1 24 1 10 1 10 5 25 3 1 15 1 20 2 1 1 10 1 22 1 1 11 8 7 5 1 14 8 1 10 23 7 22 7 1 24 15 1 20 2 1 10 8 1 11 5 25 1 24 1 6 1 8 1 2 20 10 1 24 25 11 9 1 8 11 1 19 1 1 14 2 1 3 1 10 8 
17 13 1 20 1 23 1 22 1 19 8 5 6 11 21 1 8 1 10 1 22 1 4 1 10 23 1 7 1 12 24 1 2 6 25 1 25 3 1 14 2 1 7 10 23 1 24 15 1 3 1 0 1 22 7 3 7 3 1 15 1 8 1 15 24 1 25 17 6 1 18 1 10 1 6 1 5 1 0 1 
0 1 21 1 4 24 1 8 23 1 18 1 22 1 5 23 1 22 1 16 1 13 1 6 1 16 1 25 2 1 4 1 11 5 20 9 12 1 21 19 1 8 6 8 23 1 19 1 24 13 17 12 1 12 1 20 1 22 1 2 1 4 13 1 7 11 21 1 3 12 3 1 19 8 1 0 1 10 1 22 
8 6 1 3 7 1 13 1 8 1 23 1 3 12 1 23 1 13 1 1 22 1 12 3 1 18 1 3 25 7 1 24 1 13 1 0 1 6 12 6 5 9 10 1 18 1 13 1 15 1 18 21 23 5 25 7 1 6 1 25 6 1 23 1 5 1 19 1 23 7 14 20 1 12 1 22 9 1 4 1 
23 7 1 4 1 19 1 25 24 1 20 5 23 1 14 1 19 18 1 2 12 1 8 2 1 24 1 18 1 5 1 23 1 4 1 9 1 24 12 1 16 1 19 1 6 2 1 3 1 3 1 9 10 1 9 1 16 1 3 22 1 4 1 20 1 19 1 4 1 5 21 1 20 10 20 1 10 20 1 11 
22 3 1 13 1 10 7 11 25 9 17 22 12 22 7 1 20 1 7 1 8 1 9 1 17 1 20 9 25 3 9 14 1 5 1 1 16 1 13 3 1 11 1 10 9 1 17 25 1 14 8 23 1 15 1 0 1 3 9 3 1 12 24 1 3 17 22 1 18 1 17 1 23 7 1 10 11 25 1 2 
21 1 4 1 1 15 1 7 23 7 1 1 23 1 17 1 15 1 1 5 10 8 11 1 0 1 23 1 10 1 16 1 1 21 1 10 7 9 25 11 9 14 20 10 1 24 1 16 1 13 1 21 1 18 19 1 5 9 1 22 1 21 23 1 0 1 5 1 18 1 10 5 23 1 16 1 13 1 12 1 
25 24 1 5 0 1 4 1 14 8 5 1 6 1 10 1 9 5 1 0 11 1 9 1 6 1 19 8 7 5 1 5 1 19 1 21 1 12 1 12 3 1 7 11 2 1 2 11 14 1 14 8 1 0 1 9 10 9 14 1 7 25 11 1 25 1 5 1 19 1 22 13 3 25 1 20 11 20 14 1 
22 13 17 1 6 5 2 1 16 1 15 1 6 25 24 1 5 0 1 11 10 1 16 1 2 7 1 16 1 2 1 16 21 5 1 7 14 1 18 21 1 1 16 21 1 13 3 1 13 1 21 1 2 0 1 2 0 2 1 19 8 7 1 20 1 20 1 20 5 8 0 8 2 1 17 3 1 13 15 1 
15 4 1 4 1 18 1 0 2 1 25 1 1 4 1 8 0 8 1 13 1 9 1 6 9 10 20 2 1 16 1 16 21 1 22 3 17 25 1 24 1 10 5 21 1 1 15 1 21 11 1 9 17 13 1 19 1 4 24 1 1 15 1 12 1 21 5 1 4 24 1 7 1 8 7 1 4 1 24 1 
6 1 12 1 18 1 1 22 17 1 13 1 0 1 10 5 1 4 1 4 1 10 1 22 1 9 1 13 15 1 13 1 11 2 1 10 1 24 1 15 1 2 9 14 8 2 1 3 22 12 1 13 3 22 1 25 1 10 1 7 25 5 23 5 7 8 10 20 0 5 23 1 0 8 1 23 8 1 21 1 
0 1 10 1 1 12 3 1 12 1 6 1 10 16 1 25 6 1 10 1 10 1 4 13 3 7 1 7 1 16 1 0 1 18 21 1 13 15 1 16 1 7 1 16 1 5 2 12 24 4 1 22 3 7 8 2 1 21 1 19 1 23 1 12 1 23 1 9 6 1 23 1 16 1 20 1 14 1 23 21 
23 21 16 1 11 9 1 3 9 6 2 1 21 1 2 1 5 1 14 1 5 6 1 15 1 14 1 25 1 0 1 22 1 13 15 1 16 1 14 1 23 1 15 1 9 3 1 6 1 20 14 5 11 5 2 1 1 12 6 11 14 14 7 1 20 11 21 18 1 20 1 12 1 17 1 19 8 23 8 19 
14 2 20 2 8 11 1 0 1 21 18 1 22 1 3 1 9 17 6 17 1 6 1 0 1 25 3 22 3 1 3 1 6 1 18 19 1 23 1 22 1 20 0 5 0 1 21 1 10 1 6 9 10 9 1 2 8 1 23 7 1 9 1 23 8 5 1 15 1 24 1 19 1 19 1 18 1 23 7 3 
7 1 8 1 10 9 11 6 9 7 1 10 1 19 1 5 14 1 1 13 1 25 2 1 20 1 14 1 24 1 23 1 17 1 17 25 3 17 9 17 1 10 20 14 1 25 1 16 1 5 23 1 12 24 13 17 1 7 3 1 11 25 1 4 1 14 1 14 20 1 4 1 10 5 10 8 6 25 12 1 
1 18 1 25 1 5 8 1 24 12 25 2 14 1 22 1 21 1 20 1 20 1 14 11 1 11 20 1 12 1 13 1 15 1 13 17 9 17 1 25 1 23 10 1 0 1 5 20 10 23 1 18 1 22 1 24 1 25 3 1 0 12 25 12 1 5 1 3 1 0 1 14 14 1 18 1 4 1 11 5 
19 1 7 1 12 6 12 1 18 1 14 5 20 9 12 1 21 1 12 2 1 20 1 24 12 1 19 1 16 1 5 1 9 10 8 14 20 5 1 12 1 14 11 6 1 9 10 9 7 1 15 1 1 1 5 9 25 3 1 7 1 20 1 5 8 5 8 1 7 5 6 1 3 1 23 7 2 9 11 1 
24 1 18 1 12 1 5 25 6 1 18 1 23 7 22 1 11 6 1 7 8 14 1 3 1 10 5 7 10 1 10 1 5 1 18 21 18 1 8 0 1 10 1 25 12 1 18 19 1 13 1 6 17 22 1 5 7 8 23 1 10 5 11 7 1 8 2 8 2 14 11 1 23 1 13 3 1 21 5 1 
10 1 2 1 8 5 1 9 1 23 10 7 1 17 1 15 1 22 1 17 1 18 1 25 1 13 1 14 1 9 22 1 21 11 1 8 1 12 1 11 1 24 1 20 1 20 1 17 12 1 8 23 1 17 22 13 1 9 1 6 17 12 1 20 1 20 1 1 13 1 4 1 9 2 1 3 1 2 1 5 
17 25 5 1 4 1 14 1 17 1 2 14 1 3 1 25 1 24 1 14 14 1 21 1 8 1 13 1 22 9 1 19 1 12 25 9 11 25 1 21 19 8 1 19 1 9 20 1 9 17 22 12 9 5 23 1 11 1 16 1 21 1 13 17 1 1 18 21 11 1 1 10 1 10 1 23 1 12 1 4 
13 1 0 9 20 1 16 10 16 1 18 1 1 16 1 0 1 15 1 5 7 22 1 25 1 8 5 1 20 1 18 1 11 20 5 1 3 12 3 13 17 1 0 1 13 1 22 17 1 15 1 6 1 0 5 1 22 17 22 1 2 1 22 1 11 2 8 1 11 6 1 19 1 14 20 1 23 8 1 14 
4 1 13 1 4 24 1 25 1 23 1 12 2 25 17 3 1 6 1 5 23 1 21 18 21 23 1 2 9 1 7 25 1 25 9 5 20 1 6 1 15 1 1 10 1 17 1 13 24 15 1 20 1 18 1 14 1 3 1 5 25 9 1 22 1 25 5 10 7 25 2 12 6 1 24 13 4 15 1 24 
5 1 24 13 1 3 1 13 15 1 4 1 14 11 10 1 23 5 10 1 22 1 9 1 14 7 8 14 1 2 1 7 23 1 21 11 1 12 3 9 0 8 1 0 11 5 7 2 1 17 1 25 1 13 22 1 4 1 17 13 1 11 1 23 1 0 1 22 1 22 3 25 17 1 8 14 5 7 1 24 
8 19 21 5 1 9 1 23 8 2 1 19 1 19 18 1 4 1 1 25 12 0 20 1 18 1 2 5 23 7 1 20 1 15 1 20 0 1 3 17 1 0 2 5 11 1 10 5 1 8 1 15 1 22 13 4 1 8 1 2 20 0 9 1 15 1 6 1 4 1 9 2 20 1 3 13 1 22 1 14 
11 21 23 8 1 17 22 7 10 1 7 23 1 6 25 1 0 9 25 1 15 4 1 11 1 1 20 1 14 1 11 1 11 0 1 0 1 21 11 9 1 5 0 1 7 17 1 7 8 7 8 1 19 1 10 1 3 1 5 20 5 2 8 1 12 24 1 20 1 0 1 2 8 14 11 9 1 7 10 1 
16 1 3 13 1 23 1 22 1 11 1 19 21 11 9 1 17 7 1 20 1 15 1 6 1 6 1 20 5 10 1 5 25 1 7 1 15 1 1 2 1 0 1 1 23 1 1 5 1 20 9 1 21 1 22 3 1 13 3 17 1 16 21 1 5 8 0 1 0 8 1 13 1 19 1 14 7 5 23 21 
2 1 3 12 1 24 15 13 1 7 3 1 18 1 19 8 1 25 12 22 9 22 1 19 1 24 13 4 1 24 1 14 1 21 1 20 2 1 3 1 4 1 8 5 21 1 19 1 21 19 21 5 1 5 1 10 5 1 3 1 13 4 1 13 1 1 16 1 9 1 1 11 1 15 1 11 2 1 24 1 
3 1 15 24 1 25 7 3 1 0 9 1 14 1 14 1 19 1 21 1 14 1 16 1 22 1 16 1 20 1 19 1 9 14 14 7 25 1 6 12 6 1 20 10 1 5 9 10 1 21 23 1 20 1 14 1 19 21 23 1 21 1 21 23 8 1 11 1 20 5 1 1 6 1 1 11 1 16 1 4 
12 24 1 20 11 9 1 6 9 1 22 9 0 1 0 20 1 2 12 9 11 6 9 1 19 21 1 19 1 15 13 1 20 10 8 14 1 17 9 1 14 1 11 10 1 22 13 1 19 1 25 17 1 15 1 24 1 5 0 12 3 1 17 1 9 17 3 1 7 10 1 3 9 1 7 25 1 13 1 7 
9 1 0 2 1 12 2 1 9 1 20 10 20 1 3 1 23 1 11 1 1 20 1 0 1 12 25 1 11 7 17 1 3 1 10 1 10 1 24 1 9 1 2 20 14 20 1 11 9 1 20 5 1 23 1 9 12 1 16 1 4 1 10 1 17 1 15 1 23 1 8 11 1 11 21 18 1 10 1 3 
20 1 22 1 25 1 13 1 19 1 17 13 1 1 25 3 1 7 1 8 0 1 3 1 10 8 11 1 12 24 1 2 1 12 1 16 1 15 1 5 1 15 4 1 24 1 15 1 22 1 20 2 11 1 25 1 3 1 9 1 22 7 8 14 1 14 5 0 1 2 1 17 22 7 1 25 3 7 11 7 
18 21 18 1 1 2 1 0 1 1 20 5 1 4 13 17 1 23 1 4 1 25 11 8 23 5 1 20 5 1 14 1 14 8 1 12 3 9 5 0 1 8 11 20 14 1 25 1 24 1 12 25 7 1 11 1 6 12 0 1 4 1 9 5 1 7 8 5 20 1 2 14 1 24 1 24 1 7 5 14 
25 17 6 1 3 1 6 1 18 1 21 1 4 1 8 5 14 1 21 1 0 1 20 1 9 5 20 1 4 1 18 1 14 1 23 1 12 3 7 1 11 10 9 12 0 1 20 11 1 14 5 2 1 6 25 1 7 11 1 13 4 15 1 8 1 17 1 17 25 1 3 1 19 1 17 6 12 1 14 1 
6 1 16 1 13 1 24 1 2 1 5 25 1 19 1 6 1 24 1 17 25 12 0 12 1 8 6 1 5 8 1 19 8 1 1 14 1 3 25 17 22 1 19 1 24 1 11 8 7 10 1 18 1 1 17 6 17 6 1 10 11 0 1 13 1 3 1 21 16 1 15 1 13 4 1 24 1 21 1 4 
4 1 25 1 18 19 1 10 9 1 10 20 1 3 22 9 1 18 1 16 1 9 20 1 21 1 25 2 8 5 10 1 10 7 17 25 1 4 1 19 18 1 4 1 14 1 13 24 1 6 25 1 2 9 1 20 14 2 1 1 25 6 2 11 1 11 0 1 9 1 3 1 18 1 20 1 22 1 0 1 
23 1 18 1 1 20 0 1 4 15 1 5 1 23 8 0 20 1 23 1 15 1 3 22 17 1 17 9 0 1 25 7 1 10 1 13 1 25 1 20 2 11 1 16 1 14 5 6 1 15 24 25 6 1 13 3 1 25 1 11 8 10 1 5 1 10 1 25 1 14 9 5 1 7 10 1 21 19 1 12 
3 1 24 1 5 8 10 1 4 1 16 21 1 19 1 24 1 25 5 1 10 1 9 1 6 25 2 14 1 16 21 18 1 4 1 12 1 6 12 25 1 11 1 3 22 1 21 1 20 1 5 25 6 8 1 14 7 3 1 3 1 18 1 17 1 11 1 16 1 15 1 21 1 12 1 16 1 14 1 22 
0 1 16 1 9 2 1 15 24 1 5 1 13 22 3 9 6 1 5 1 10 16 1 8 10 20 1 18 1 11 1 24 1 4 1 13 24 1 15 1 21 1 10 1 22 9 7 1 24 1 18 1 10 1 21 1 3 1 3 12 1 6 12 1 14 2 1 10 23 1 11 6 1 16 1 23 8 7 8 1 
19 1 12 17 1 0 1 0 20 2 1 3 1 3 1 7 1 11 1 6 5 1 22 1 18 1 10 1 24 1 13 1 13 3 1 13 4 15 1 4 1 8 6 1 12 9 5 10 1 10 1 3 25 2 14 20 1 2 0 1 12 1 12 1 5 1 18 1 1 7 14 1 10 1 14 1 20 0 12 22 
22 12 17 1 17 25 1 25 3 1 5 1 8 1 15 1 1 5 1 6 1 8 7 1 13 1 16 1 18 1 13 4 1 22 1 11 6 25 1 22 9 17 1 5 21 1 14 1 16 1 3 9 1 6 1 17 1 0 1 14 1 14 11 25 1 10 11 25 3 1 19 21 23 1 19 1 22 1 19 1 
5 10 5 14 11 25 1 21 1 15 1 22 7 2 6 25 24 1 25 1 4 1 10 1 24 13 15 13 3 1 17 3 9 1 16 1 3 1 10 23 1 3 1 12 1 18 1 19 1 9 6 2 1 12 17 1 22 1 16 1 22 1 18 21 18 1 25 6 2 7 3 22 1 2 8 10 1 11 1 12 
24 1 11 1 17 25 9 1 0 20 1 23 1 5 21 18 1 18 19 1 14 7 17 22 1 1 2 8 1 2 1 22 1 12 9 1 10 9 5 1 20 1 6 1 22 1 8 1 5 0 1 1 25 1 7 11 20 9 7 1 4 1 1 19 21 18 1 5 25 7 1 15 1 12 6 1 0 1 7 1 
16 1 7 8 10 16 1 1 12 1 20 1 20 1 3 1 4 1 4 1 1 14 14 7 17 3 1 7 3 1 16 1 19 1 22 1 4 1 20 1 8 1 13 3 1 19 1 20 1 16 1 5 8 19 1 19 21 1 17 1 6 1 25 1 17 22 3 1 15 1 3 9 1 23 1 11 1 24 1 14 
2 14 1 14 5 1 12 1 10 1 10 23 1 2 1 12 1 1 18 1 25 1 21 1 21 1 17 1 17 7 14 1 19 8 14 8 5 1 22 17 22 13 15 1 14 1 1 23 1 17 7 1 3 1 17 22 1 21 1 25 5 2 1 22 1 15 1 23 1 16 1 24 1 9 1 13 1 19 1 18 
18 19 1 6 1 13 1 2 11 1 16 1 24 15 4 1 12 2 8 1 25 1 8 1 11 1 14 1 20 1 25 3 1 20 5 10 23 1 6 9 7 25 6 1 18 1 14 11 1 8 23 1 8 1 22 17 1 6 8 2 1 13 1 8 2 1 11 1 14 9 1 18 1 7 1 14 1 15 1 1 
21 1 21 1 25 1 4 15 4 1 9 12 1 14 8 1 20 9 1 22 1 22 13 1 0 20 1 13 3 1 21 1 19 8 0 8 1 18 1 18 21 11 6 1 7 1 7 22 7 1 25 1 11 8 10 1 12 1 16 1 19 1 16 21 23 21 1 8 1 7 1 11 21 19 1 3 1 0 1 17 
17 1 16 1 11 20 1 22 1 16 1 12 1 16 1 12 22 17 1 6 5 1 25 17 9 1 8 1 12 1 12 1 13 15 1 16 1 25 1 23 1 15 1 16 21 1 18 1 25 1 22 1 7 1 24 4 1 18 1 21 1 1 19 1 8 14 2 25 1 3 17 1 23 1 13 1 18 1 19 21 
1 20 0 12 1 21 1 18 1 11 5 1 7 1 14 9 1 21 1 0 1 14 1 3 1 21 5 1 22 17 1 13 1 16 10 5 14 1 5 1 25 1 2 1 18 21 16 1 2 0 11 1 21 18 1 11 1 8 10 1 14 1 17 22 1 11 2 1 1 15 13 3 1 8 1 4 24 12 17 1 
13 24 4 1 4 1 11 1 3 12 25 17 9 5 1 10 1 4 1 11 20 1 16 1 20 1 4 13 15 1 14 1 23 1 19 1 18 1 6 1 24 15 1 24 1 14 14 8 1 10 1 8 19 1 5 10 1 18 1 7 9 12 1 15 1 9 5 1 12 0 20 1 3 7 1 18 1 11 1 24 
7 2 11 1 16 1 25 6 12 1 17 1 21 1 17 1 5 6 1 0 11 1 21 1 5 1 5 20 1 11 10 8 19 18 1 17 1 15 1 11 20 1 10 1 0 1 15 4 1 19 1 24 1 2 1 16 1 8 6 1 16 1 18 1 7 10 1 24 1 10 1 0 11 6 1 11 25 24 13 1 
12 1 14 1 17 1 7 1 4 1 10 20 2 1 19 1 0 1 6 5 1 22 1 20 1 10 1 5 9 5 1 15 1 5 10 7 1 18 1 11 6 5 1 2 1 20 1 4 1 2 9 1 22 1 16 1 18 1 5 1 14 1 22 7 11 7 1 17 1 7 23 1 13 1 13 4 1 1 25 11 
15 1 4 15 1 0 1 20 1 5 1 6 1 15 1 15 13 3 7 1 0 11 9 10 7 1 15 1 8 5 10 16 1 0 8 1 15 1 6 25 17 25 2 7 1 16 1 1 10 9 1 16 21 1 1 0 5 1 9 3 1 10 1 0 1 15 4 1 18 1 25 1 0 1 11 1 10 1 22 7 
8 19 1 22 1 9 14 1 19 1 9 1 8 1 17 3 17 1 3 1 15 1 6 8 1 20 11 1 19 8 7 1 11 1 12 1 1 12 1 18 1 5 1 15 4 1 5 6 1 11 1 4 24 1 8 1 9 1 5 23 21 5 10 1 17 1 4 1 15 1 6 1 10 1 3 12 1 13 1 1 
14 5 1 1 2 1 15 13 3 1 8 5 14 14 1 21 1 4 24 1 19 1 1 25 2 6 1 8 1 16 1 11 1 15 24 1 10 1 1 25 1 18 1 19 1 7 11 1 10 9 6 1 6 1 20 10 16 1 17 7 1 1 6 1 11 2 1 20 5 21 19 21 1 8 2 9 1 6 1 25 
10 1 22 7 11 6 1 6 11 2 1 3 25 1 6 17 1 1 1 2 1 7 23 10 1 7 25 7 23 7 5 1 5 25 1 4 1 17 12 6 1 17 1 5 1 21 1 5 20 1 22 1 17 1 16 1 15 1 16 1 7 23 1 17 1 13 22 1 18 19 1 13 1 19 8 1 14 11 1 12 
20 0 1 6 12 17 1 3 7 1 10 1 8 5 11 25 1 24 1 18 1 17 9 1 17 22 1 15 1 10 1 24 25 9 1 9 10 1 12 1 1 12 1 5 23 7 1 10 20 5 1 3 25 6 1 16 1 9 3 9 6 1 0 9 5 11 1 12 1 17 13 1 9 1 11 1 24 12 1 25 
11 25 1 6 1 17 1 2 14 1 2 7 5 9 1 24 15 1 16 1 24 1 13 1 5 8 1 23 1 5 7 1 6 5 6 1 25 1 24 25 11 7 1 6 5 11 1 6 25 3 1 13 1 7 10 16 10 20 1 14 1 11 0 1 25 1 14 8 0 5 6 25 1 17 1 5 14 1 23 1 
9 12 24 1 25 2 14 5 1 25 1 20 0 5 1 8 1 15 1 22 1 16 1 22 12 0 1 22 13 1 8 1 8 6 9 1 9 11 10 8 0 1 24 13 1 18 1 1 4 1 18 1 21 1 1 21 11 25 1 19 1 15 1 9 1 3 1 23 1 18 1 9 3 1 19 1 20 5 21 1 
0 1 16 10 1 25 1 3 13 17 1 15 4 1 14 5 25 9 20 1 4 1 11 1 24 1 21 1 22 9 1 11 1 19 21 1 3 12 1 20 1 10 1 15 1 24 15 1 1 19 1 25 1 19 1 5 1 11 8 7 25 24 1 22 1 9 20 1 6 17 3 1 12 9 20 0 1 13 24 1 
14 9 11 1 9 17 1 20 1 7 1 18 1 2 25 17 9 0 12 25 12 1 15 1 23 1 0 2 1 23 1 25 17 1 12 0 1 13 1 5 1 5 0 1 13 1 24 4 1 18 1 6 17 1 14 8 7 22 17 25 11 1 4 1 5 23 8 19 1 24 1 11 8 1 20 1 2 6 1 9 
6 8 1 12 1 19 21 19 18 1 14 11 1 21 19 18 21 1 1 15 13 1 18 1 8 19 1 15 1 11 6 9 1 5 8 0 1 22 1 21 18 19 1 1 12 9 1 5 1 11 9 1 7 11 25 1 25 1 19 1 13 22 1 22 1 0 2 5 1 24 4 1 19 1 6 17 1 18 1 7 
11 21 1 2 25 7 1 17 1 2 6 1 15 1 18 1 15 1 4 1 15 1 23 1 2 1 8 1 2 7 10 11 1 15 1 10 1 1 6 17 1 0 1 24 1 24 12 24 1 8 11 1 1 6 9 25 1 24 1 7 22 7 22 1 11 10 1 10 11 9 1 17 1 14 1 11 1 24 25 1 
8 1 9 1 4 13 3 7 1 11 1 16 1 0 11 20 1 19 1 6 1 24 1 4 1 1 14 1 13 1 19 21 1 9 2 1 23 1 16 1 7 22 3 7 1 12 1 19 1 14 1 8 1 3 1 16 10 1 12 1 5 1 19 1 21 1 12 1 9 0 1 10 1 16 1 7 11 7 1 7 
4 1 6 1 7 1 21 1 2 1 11 8 7 1 20 5 25 1 19 1 2 11 1 14 14 1 1 17 1 11 1 12 1 1 13 17 7 23 1 24 12 2 8 1 21 1 2 1 16 1 20 1 16 10 1 1 3 1 6 1 25 11 14 1 1 13 24 12 24 1 17 1 6 1 10 1 19 18 1 14 
12 1 24 1 18 1 16 21 1 17 3 17 1 5 0 1 0 1 8 7 1 7 1 2 1 7 22 1 5 23 1 6 1 10 23 21 1 18 21 1 5 2 1 4 1 1 6 1 6 1 3 1 11 2 12 25 17 1 18 1 18 21 18 21 19 1 1 10 7 23 21 1 16 1 11 6 1 23 21 1 
21 16 1 7 9 1 14 20 1 14 9 25 1 25 1 4 1 24 1 24 1 24 1 14 1 15 24 1 19 1 11 7 1 14 5 1 18 1 24 1 23 1 21 1 8 19 1 22 12 1 16 1 23 1 7 1 19 1 13 17 7 1 1 9 1 23 7 10 1 2 1 3 7 22 12 1 6 1 4 15 
22 1 22 1 24 1 6 1 3 1 3 1 25 1 12 2 1 6 8 0 1 13 1 20 1 22 13 4 1 2 8 1 11 6 11 1 15 4 1 5 9 6 9 2 25 1 21 16 1 20 0 2 1 9 0 9 14 1 3 1 20 1 17 7 11 1 2 14 2 1 24 12 22 9 6 5 1 19 1 22 
10 1 4 1 25 12 6 1 11 21 1 21 1 15 4 1 14 20 1 22 17 1 21 1 4 1 24 12 3 1 6 1 16 21 23 1 13 3 1 17 25 1 1 3 1 19 1 12 2 1 13 1 25 1 22 17 1 10 1 22 1 7 3 1 18 1 12 1 1 11 1 8 7 1 1 7 1 7 1 19 
20 9 14 1 18 1 4 1 21 1 14 1 4 1 12 1 25 1 7 1 10 1 20 9 22 7 11 10 1 8 11 1 1 22 13 1 17 7 2 1 13 1 2 1 23 1 3 1 20 1 21 5 1 9 14 8 1 7 5 1 20 0 5 1 16 1 25 17 1 19 1 12 1 12 9 3 13 1 16 1 
2 1 8 1 11 1 0 5 1 23 1 15 1 25 7 1 5 1 19 1 24 25 1 16 1 23 1 12 17 1 19 1 23 10 20 1 11 1 19 21 18 1 17 1 4 1 0 1 5 1 13 1 20 1 3 12 1 5 1 11 10 23 21 1 1 20 9 1 2 12 3 1 13 1 1 2 1 14 1 24 
17 13 1 14 11 7 5 9 14 7 1 16 1 24 13 1 22 17 1 19 8 23 1 20 1 8 6 1 17 13 24 4 1 17 9 25 1 25 24 12 3 22 1 23 10 1 5 1 7 23 7 1 9 3 25 1 9 17 22 9 2 1 11 8 1 1 9 2 1 2 1 6 1 5 8 14 7 1 0 8 
7 11 0 5 10 1 10 1 19 1 9 0 2 1 7 10 9 2 1 20 1 14 7 9 2 1 6 1 3 9 1 1 22 1 11 7 1 4 1 25 1 3 1 14 1 13 24 25 1 8 1 7 25 24 1 24 4 1 14 1 21 1 1 10 1 22 1 15 24 1 5 0 1 21 1 12 6 11 1 13 
24 12 17 1 6 1 12 1 9 17 7 25 1 6 1 7 1 3 1 21 23 1 9 5 21 1 22 3 1 10 1 11 20 0 5 1 7 14 1 20 1 10 1 6 1 10 5 11 1 21 5 2 1 12 17 7 1 11 1 16 1 14 14 1 18 1 14 20 11 1 1 12 6 2 1 10 1 17 1 24 
13 17 3 1 13 15 4 1 7 17 1 18 1 20 1 8 11 1 4 1 5 1 1 4 15 1 3 1 17 22 1 3 1 10 5 1 20 1 0 11 2 1 9 17 22 3 1 9 1 0 1 20 11 1 16 1 6 9 1 9 20 5 0 1 2 1 25 1 2 0 12 9 20 1 2 1 23 1 11 10 
5 14 7 17 13 1 15 4 1 3 1 16 1 21 1 13 1 6 11 1 8 5 6 1 19 8 19 21 1 9 3 1 8 1 7 1 22 1 1 8 1 6 17 22 1 24 1 0 20 1 20 11 1 24 12 1 24 1 11 2 20 1 20 1 19 1 22 7 25 6 17 3 1 18 1 15 1 3 1 8 
18 1 2 14 1 4 1 12 3 1 2 11 25 1 15 1 9 12 1 11 6 1 9 11 0 5 14 1 10 8 6 1 2 0 1 6 1 22 1 15 1 9 1 8 19 8 1 21 1 18 1 10 8 1 16 1 13 1 18 19 1 8 1 2 11 14 1 17 7 17 12 2 8 6 1 8 1 21 23 1 
23 1 7 1 7 1 22 1 2 1 1 4 1 25 5 1 17 1 15 4 1 17 13 1 11 25 9 1 21 11 1 2 1 25 1 12 25 11 10 1 20 1 11 1 24 1 24 12 1 21 5 1 18 1 22 1 2 12 1 3 7 14 1 16 1 0 5 1 23 1 12 6 25 5 1 24 12 0 9 1 
9 1 21 19 1 15 1 23 5 11 1 4 24 1 6 8 1 25 11 1 8 7 23 1 2 20 0 1 13 1 24 12 17 1 3 1 5 11 1 7 23 7 1 9 17 6 2 1 12 1 8 0 9 17 1 14 1 3 1 1 5 2 1 15 1 15 1 0 12 6 1 5 7 1 21 1 22 1 11 1 
19 21 11 14 1 5 23 1 5 6 8 23 1 14 1 12 1 9 2 1 1 11 25 1 14 1 9 6 1 17 25 3 1 6 9 20 1 1 7 1 3 25 1 14 7 1 17 9 12 1 19 1 16 1 22 7 5 2 9 1 14 14 5 11 1 14 11 9 11 14 1 6 5 8 1 21 1 2 1 19 
25 1 7 1 6 17 25 1 10 1 22 1 20 1 20 1 9 1 17 9 1 12 1 25 7 1 14 5 1 7 1 10 1 14 7 1 10 9 25 9 10 5 1 1 8 11 1 24 1 16 1 20 0 20 1 17 1 15 1 25 6 1 11 7 5 1 21 16 1 17 1 0 12 2 0 1 0 1 19 1 
3 1 8 19 1 7 1 20 1 1 11 20 1 7 22 9 11 5 23 1 1 12 1 22 7 1 19 1 12 24 1 17 1 17 1 2 1 11 5 10 7 1 18 1 2 14 20 1 15 1 19 1 13 15 1 6 25 5 6 5 1 13 3 1 19 1 21 5 1 11 1 21 1 21 1 16 1 6 11 6 
16 1 7 5 1 20 5 1 11 1 2 1 15 13 1 25 1 11 25 1 10 1 11 0 1 22 1 24 25 1 20 0 1 14 8 1 7 2 5 1 23 7 5 25 1 21 18 1 24 25 17 1 10 7 1 24 1 24 1 25 1 11 1 8 1 1 23 7 17 7 25 1 0 2 6 9 25 1 13 1 
1 14 2 1 12 1 23 21 1 24 1 18 1 10 1 14 1 20 10 1 10 1 6 11 1 1 24 1 7 10 9 1 22 1 24 13 1 11 1 0 1 24 1 13 1 23 8 0 12 17 22 1 2 1 3 17 1 22 12 1 18 1 8 1 15 24 1 7 25 24 1 12 1 18 1 14 7 2 14 14 
15 1 17 1 2 8 7 1 4 1 25 3 25 1 11 6 1 23 8 2 8 1 17 12 1 16 1 4 1 21 18 1 19 1 17 9 20 1 23 1 22 1 11 1 4 1 25 1 12 3 1 9 1 13 1 19 1 7 1 24 1 5 0 1 25 7 5 1 14 1 22 12 9 1 22 9 5 9 1 3 
21 5 25 5 11 20 9 17 1 5 1 22 1 16 1 1 22 1 16 1 15 1 5 7 1 7 1 22 1 6 1 8 1 10 5 1 12 17 1 14 1 7 1 19 1 9 1 1 17 1 23 1 11 1 7 1 24 1 25 17 1 0 1 24 1 14 1 22 1 14 9 14 1 10 11 8 1 20 9 25 
12 1 12 9 17 1 9 14 1 17 25 7 9 17 3 1 9 1 12 1 14 14 1 9 1 1 23 1 8 1 8 1 8 23 1 5 20 1 9 20 1 3 1 9 0 1 2 11 1 25 5 11 1 6 1 18 1 3 1 18 1 7 1 14 11 1 17 1 4 1 23 1 25 1 3 1 9 20 1 20 
9 22 7 1 23 1 21 11 20 1 1 6 8 1 22 9 1 19 1 10 23 1 4 13 1 19 1 17 1 19 1 16 1 1 6 5 21 1 10 1 23 5 1 16 1 16 1 10 1 25 1 10 1 13 22 1 11 5 8 1 15 1 3 1 5 11 2 9 12 9 2 1 6 1 16 1 2 11 1 14 
2 8 6 5 6 1 20 2 20 11 20 9 1 8 1 18 1 25 1 2 1 0 1 2 20 9 25 1 17 1 9 1 25 1 9 1 11 25 1 24 1 12 1 25 3 1 1 10 1 15 1 24 1 7 1 9 20 1 14 1 15 1 11 8 19 1 8 11 1 7 8 1 15 1 2 12 1 17 3 1 
25 1 0 1 6 2 1 12 1 12 6 1 4 1 7 2 1 1 3 22 1 17 1 2 1 4 1 14 1 24 1 22 9 17 1 10 1 13 1 15 1 6 1 17 3 1 22 1 18 1 10 8 1 21 1 22 1 19 1 21 1 7 11 5 6 1 3 1 2 5 2 20 1 6 1 18 21 1 16 1 
10 16 1 19 18 1 20 1 2 9 2 1 2 20 1 13 15 13 1 6 2 12 1 15 1 2 6 1 5 25 1 16 10 11 25 24 1 9 7 10 1 4 1 19 1 13 1 7 2 9 1 1 4 13 1 16 1 0 8 1 15 1 12 24 12 9 1 0 11 7 1 4 1 5 1 8 1 15 1 8 
14 11 1 19 1 12 24 1 0 12 24 1 25 1 9 1 17 22 1 0 1 19 1 7 1 21 23 7 11 25 6 17 13 1 10 7 1 13 1 24 1 17 9 3 12 1 24 25 24 1 2 0 1 13 1 4 1 15 4 15 1 6 1 13 1 8 1 22 9 20 1 2 0 1 25 2 14 9 1 11 
15 1 4 1 13 22 7 9 3 17 1 1 17 1 14 20 5 11 21 1 23 1 25 1 9 1 9 1 21 5 11 1 11 1 11 10 1 10 1 21 1 6 11 1 22 1 17 1 17 1 10 1 5 8 10 1 3 9 0 20 1 23 1 9 1 3 1 22 1 22 13 1 3 1 0 12 1 4 1 21 
24 1 9 20 10 1 6 1 3 1 19 18 21 1 11 1 19 1 11 8 1 20 11 1 17 1 10 1 22 12 1 25 17 1 18 1 10 1 0 2 6 1 8 1 12 1 7 1 9 1 13 24 1 16 1 14 14 20 1 16 1 10 1 22 1 25 3 7 23 1 9 1 8 7 11 10 1 7 1 20 
23 1 1 10 1 11 1 9 14 1 25 2 9 6 2 1 22 1 13 1 14 1 9 6 1 18 1 2 9 1 18 1 19 1 14 1 24 25 1 25 7 5 1 14 14 14 8 7 1 18 1 25 1 6 1 22 7 22 1 5 1 6 1 8 1 24 1 10 23 21 19 21 1 23 1 14 1 22 1 6 
22 3 1 25 7 1 10 20 14 9 11 20 1 11 1 11 21 5 0 1 22 1 16 1 14 1 9 1 7 5 1 19 1 22 1 12 1 3 17 1 7 8 1 10 1 17 1 17 1 25 2 1 3 1 21 1 2 1 13 1 17 7 1 11 2 1 3 1 2 1 15 1 15 13 1 23 1 14 5 1 
17 12 9 1 14 14 1 13 24 1 18 1 17 1 13 1 4 15 1 11 1 21 1 3 22 1 14 1 13 1 22 1 1 15 1 16 1 8 1 16 1 24 12 1 6 5 1 1 5 23 10 1 0 12 9 11 10 1 14 1 21 5 1 1 3 1 21 1 23 5 20 1 1 25 1 21 5 8 14 1 
11 1 1 8 23 7 10 1 8 2 1 14 14 1 17 6 17 1 15 1 8 5 6 1 6 9 2 6 1 15 1 4 1 10 7 1 17 7 1 6 1 4 1 19 1 11 1 7 25 1 2 1 7 11 1 9 3 1 4 1 16 1 2 1 19 21 1 9 1 4 1 1 5 1 16 1 5 6 9 3 
5 11 5 14 1 20 9 1 21 1 20 1 6 2 25 1 12 3 25 1 11 21 1 11 1 3 1 3 1 14 7 25 1 1 3 17 22 1 14 20 9 11 1 23 1 13 17 12 6 2 1 17 13 1 23 7 5 23 1 10 8 23 21 1 12 1 3 25 24 25 11 0 1 5 25 11 2 1 5 11 
13 17 22 12 1 11 1 1 0 1 8 6 12 1 10 1 7 1 10 1 0 1 11 21 1 3 1 6 1 19 18 1 7 25 17 13 4 1 11 1 5 1 24 4 24 1 21 18 1 11 7 1 24 15 4 1 9 20 11 14 2 9 20 1 4 24 1 19 1 2 1 1 12 3 13 1 15 1 18 1 
7 1 18 1 23 1 16 1 17 1 19 1 23 1 24 1 11 1 10 1 3 17 25 1 8 1 9 1 14 14 1 9 14 1 18 1 18 1 22 1 10 11 1 14 5 9 17 1 5 1 4 24 1 16 21 1 7 1 10 1 22 9 10 11 1 21 1 21 18 21 1 5 1 17 1 16 1 7 10 1 
18 1 9 1 10 1 22 1 23 1 17 1 20 1 18 1 18 21 5 1 9 0 1 7 5 9 10 1 7 1 16 1 19 1 1 11 1 16 1 12 1 6 2 12 0 2 11 10 1 6 9 0 12 6 11 9 25 5 1 3 1 20 11 10 1 6 1 2 1 12 1 25 5 2 1 11 20 5 1 22 
0 5 1 17 7 25 24 1 7 1 7 1 2 1 0 11 1 10 1 2 1 8 19 1 7 1 14 1 22 13 1 11 0 11 2 1 18 1 9 12 1 11 8 0 5 14 20 5 1 17 7 17 25 24 1 1 22 13 1 2 14 5 21 23 10 11 1 5 6 1 7 8 1 2 1 9 5 1 14 1 
16 21 11 9 1 3 25 1 22 9 1 25 1 16 1 23 1 22 1 19 1 14 8 1 8 1 21 11 10 5 1 16 1 7 10 5 1 15 4 1 2 1 9 22 17 22 9 1 18 1 14 2 11 9 0 1 2 7 10 16 21 1 17 12 6 1 23 1 2 1 9 1 11 5 23 1 9 1 8 1 
3 1 2 20 0 8 1 5 1 2 1 7 1 19 1 15 1 10 1 24 1 14 1 22 7 1 13 24 1 1 4 1 23 1 3 9 14 1 17 7 10 1 6 2 0 1 22 1 17 25 7 17 1 1 23 1 7 5 9 10 23 1 25 6 1 4 24 1 18 1 4 1 24 1 2 1 6 1 15 1 
20 1 15 1 15 1 16 1 9 1 5 11 1 5 1 9 3 1 11 25 7 25 1 2 6 25 1 6 12 24 1 14 1 15 4 1 9 2 0 1 4 1 23 1 13 1 2 1 9 1 14 14 1 5 25 1 11 1 24 1 13 1 1 1 15 13 1 14 11 1 2 0 2 1 13 1 21 19 8 2 
4 1 10 11 7 1 5 9 10 23 1 0 1 16 1 0 8 7 11 0 1 0 1 10 8 5 1 10 9 1 22 1 10 1 10 1 25 7 10 1 21 11 14 2 1 13 1 12 3 22 1 0 1 18 1 12 0 9 1 11 1 25 1 10 20 1 1 11 1 19 1 11 9 1 8 2 1 15 1 2 
19 21 1 19 1 19 8 1 16 1 1 25 9 6 1 10 1 17 1 22 1 20 1 9 25 24 13 4 24 1 13 24 1 7 25 5 1 5 20 5 7 11 1 11 1 3 13 1 16 1 7 5 25 3 9 2 20 11 0 8 2 0 5 2 1 12 1 10 9 1 21 1 24 25 1 19 1 19 1 23 
6 5 21 1 24 1 19 1 7 2 12 3 1 10 1 24 1 25 6 25 1 4 1 12 1 25 1 22 1 24 1 9 5 23 1 0 1 19 1 9 1 6 2 9 25 11 2 1 20 1 22 17 1 1 21 1 13 1 0 1 20 1 17 12 1 13 1 17 3 12 22 1 2 7 1 18 19 1 3 1 
8 23 1 13 1 19 1 22 1 21 1 0 12 1 1 6 1 4 24 12 1 1 18 1 19 18 1 23 8 14 5 1 12 2 1 0 1 21 1 13 1 21 23 21 5 1 6 1 4 1 4 1 10 5 23 10 1 8 2 1 17 7 1 4 1 21 19 1 19 1 24 1 7 2 8 1 3 12 1 1 
1 6 1 20 1 7 1 12 22 9 3 1 1 14 1 2 1 19 21 1 9 12 17 22 7 1 20 1 0 1 19 1 15 4 1 3 1 23 8 0 1 18 1 3 1 16 1 18 21 1 6 17 1 24 13 3 1 20 1 10 16 1 2 20 1 5 7 1 7 5 9 14 1 0 12 1 7 1 21 23 
8 23 1 19 1 9 3 22 1 3 7 1 1 12 6 11 1 15 1 11 5 1 25 1 14 1 25 11 7 1 18 1 22 3 1 4 13 4 1 24 4 1 18 1 20 11 1 1 7 17 3 22 1 23 1 24 1 22 1 9 1 18 1 9 6 1 8 2 1 18 1 14 20 1 24 1 9 1 11 1 
12 1 11 1 19 1 11 1 18 21 1 10 1 24 1 18 1 12 1 7 17 7 5 11 1 6 17 9 1 13 1 7 1 9 22 1 21 1 13 1 0 9 1 4 1 5 1 21 1 6 2 1 16 1 12 1 22 9 2 20 11 21 5 1 5 7 9 14 1 19 1 24 1 6 9 1 12 1 18 1 
24 1 13 1 15 1 5 14 8 6 25 1 20 1 12 1 10 1 0 1 24 1 5 21 16 1 20 11 8 1 19 1 12 24 4 1 22 12 1 13 1 9 1 9 5 1 13 1 15 1 10 1 18 1 0 9 25 1 3 25 1 16 1 9 1 13 1 20 1 16 1 2 1 10 1 20 9 5 1 1 
3 1 14 7 22 1 17 3 1 19 1 12 1 20 14 9 1 11 5 1 10 1 5 2 9 17 1 13 1 0 1 0 1 16 1 11 2 20 1 23 1 14 1 14 1 11 10 9 1 10 8 23 8 14 9 1 5 21 1 19 18 1 2 1 25 1 22 17 1 9 1 25 1 21 23 1 12 24 1 21 
14 1 24 1 24 1 1 9 22 1 21 19 21 1 12 22 12 1 23 1 5 1 24 1 6 1 0 1 8 14 1 16 1 22 1 23 21 1 6 1 19 1 0 1 19 8 1 10 16 1 25 12 1 22 1 12 9 11 1 9 1 0 5 10 9 1 10 1 1 15 1 6 1 17 3 25 11 25 1 6 
0 2 12 24 1 13 15 1 3 1 0 1 3 1 0 1 8 5 6 1 2 11 25 1 22 1 17 9 6 1 17 1 6 1 3 17 1 15 1 0 11 9 1 9 2 0 1 16 1 22 13 4 15 24 1 14 9 5 8 1 24 15 4 1 10 11 14 11 14 2 25 11 1 25 1 5 1 6 9 1 
17 1 21 1 24 4 1 22 13 17 1 19 1 12 1 8 6 1 16 1 5 20 1 3 1 11 1 21 1 24 1 21 16 1 7 1 7 23 1 19 1 0 1 6 5 14 8 1 2 20 5 8 1 24 4 1 6 11 14 1 21 1 1 12 0 11 25 1 9 1 23 21 1 6 1 23 1 2 0 20 
11 20 11 20 1 20 1 1 11 10 1 16 1 4 13 1 20 1 22 12 1 4 1 5 8 1 17 7 1 1 7 8 1 16 1 12 1 3 22 1 11 1 16 10 5 9 25 5 23 21 1 17 1 19 8 1 13 1 21 1 14 1 2 1 6 8 1 17 1 5 20 10 1 24 12 1 13 4 24 1 
16 21 1 14 1 7 1 0 5 1 25 1 23 5 1 10 1 2 1 5 1 22 1 24 12 1 22 13 17 3 1 17 1 10 20 14 11 20 1 17 9 12 3 1 0 1 13 4 1 15 24 1 15 1 20 1 3 1 13 1 25 1 22 13 1 10 23 1 23 1 23 8 11 1 16 1 5 1 22 17 
7 1 20 1 15 1 21 1 18 1 19 1 12 1 7 1 25 9 11 8 1 10 1 10 8 1 2 1 25 1 11 0 1 10 1 2 25 2 1 22 1 21 1 10 5 1 0 1 25 9 11 20 1 9 1 17 3 1 8 1 23 7 1 19 1 24 1 13 1 17 9 0 1 2 8 1 5 0 2 1 
21 1 25 1 23 1 19 18 1 17 1 9 1 23 1 1 19 1 7 11 1 16 21 23 7 1 9 14 1 25 1 16 1 20 5 1 4 1 17 1 20 0 1 2 11 21 1 20 11 14 1 2 11 1 17 1 19 1 19 18 1 14 1 24 1 5 25 1 10 1 25 9 1 14 1 24 1 12 24 1 
1 1 22 7 1 18 1 23 21 11 1 25 1 8 14 1 8 1 24 1 11 5 1 24 1 0 9 1 8 1 5 1 13 1 21 5 20 1 0 1 13 1 6 12 25 1 14 1 11 1 24 1 20 14 1 24 1 22 3 1 18 1 1 16 1 9 5 1 24 15 1 19 1 9 1 15 1 23 1 17 
13 1 18 1 1 5 7 1 3 13 17 1 7 8 1 21 23 1 16 1 3 17 1 1 24 1 16 21 1 22 13 1 20 1 14 20 14 8 1 19 1 18 1 13 1 10 1 1 22 13 15 1 24 1 11 2 1 21 19 18 19 1 20 1 11 1 7 1 11 6 2 6 17 7 17 25 1 19 1 19 
10 1 5 21 1 0 1 24 15 13 1 14 1 6 1 19 1 7 25 3 1 10 1 25 1 15 1 2 11 1 17 1 1 15 1 12 1 2 6 8 5 23 1 13 4 15 4 1 8 1 7 14 7 1 24 1 15 1 25 1 5 1 5 9 3 22 17 25 11 1 0 1 5 1 3 1 10 7 8 19 
4 1 15 1 12 1 0 9 1 1 24 13 1 13 3 1 7 1 20 1 23 7 11 7 1 13 3 13 1 10 1 25 7 1 5 1 20 1 14 1 11 1 2 1 20 1 7 1 7 5 14 1 2 12 1 25 3 25 11 7 11 1 22 1 20 1 20 1 15 4 15 1 9 1 4 1 9 1 17 1 
23 1 16 1 8 10 7 3 1 24 1 23 1 10 1 20 11 10 1 2 8 14 1 11 1 0 1 11 1 17 6 1 19 1 24 25 3 1 5 8 1 6 5 23 21 1 20 1 7 1 19 1 24 1 24 1 19 18 1 16 1 11 1 20 5 1 16 10 1 21 1 13 1 18 1 3 12 0 1 13 
25 11 1 11 1 13 4 1 9 11 5 1 22 1 10 1 3 12 3 1 19 1 10 20 1 15 1 6 9 25 12 25 1 15 24 1 8 10 1 19 1 21 1 9 25 6 8 1 3 25 1 23 1 7 14 1 19 1 16 1 23 7 14 1 12 6 1 3 25 17 1 11 1 19 21 1 12 22 1 10 
9 20 2 1 23 1 20 1 19 1 9 1 21 1 24 1 19 21 18 19 18 1 22 12 6 17 13 22 1 14 1 17 1 16 1 3 13 1 9 1 23 10 1 25 9 17 1 2 20 9 11 1 21 18 1 24 25 1 7 1 11 14 1 0 1 1 23 1 10 23 1 1 15 1 20 1 11 20 2 1 
6 1 4 1 18 1 14 1 21 1 23 8 7 1 9 22 1 19 8 2 20 1 17 6 1 21 1 13 15 1 15 4 1 24 1 1 10 5 11 1 14 1 5 21 1 14 11 6 1 0 20 5 20 1 13 3 12 2 1 9 1 21 11 25 9 17 1 21 1 6 1 20 1 7 1 9 10 8 1 10 
15 1 24 13 1 7 1 3 7 10 1 3 1 13 1 18 21 18 19 1 7 8 1 20 9 22 1 5 10 8 0 5 1 7 1 15 1 10 1 19 1 22 1 4 1 5 7 3 17 1 0 12 1 8 7 17 7 1 10 1 9 1 23 10 1 25 1 20 0 9 1 9 0 1 22 1 9 1 3 1 
5 1 15 1 16 21 1 10 1 24 13 1 13 1 25 1 25 3 1 23 1 19 21 1 16 1 14 1 25 1 4 1 23 5 1 15 1 12 25 9 10 8 19 18 1 7 1 12 1 9 22 1 23 1 18 1 10 23 1 7 23 1 7 1 22 1 13 1 6 1 11 1 23 1 5 1 3 17 7 1 
19 1 15 1 0 1 10 1 5 1 7 1 5 1 12 0 1 16 1 22 1 0 1 0 1 8 6 11 6 1 7 1 10 1 23 10 1 2 1 9 1 22 1 22 3 1 8 1 6 17 1 23 1 6 1 24 1 5 10 1 23 5 1 17 1 14 1 13 1 18 1 12 1 22 9 1 21 16 10 16 
18 1 22 1 21 23 1 5 1 18 1 12 1 3 1 0 1 13 22 3 1 18 1 2 7 1 12 1 15 1 23 10 1 19 1 14 8 1 15 1 23 5 21 1 23 1 2 8 1 22 13 1 22 12 0 1 5 9 17 1 2 14 7 25 6 5 2 1 24 4 24 4 13 22 7 1 15 1 19 1 
22 3 25 1 25 1 20 1 2 11 10 1 16 21 16 1 13 1 21 1 6 17 1 9 6 1 9 1 23 10 1 13 22 1 1 3 25 1 0 1 8 1 9 14 1 3 12 1 18 21 23 1 5 9 11 8 6 1 17 13 1 17 1 6 25 9 1 25 1 11 1 3 1 3 9 1 22 1 17 1 
2 1 7 1 11 1 3 1 8 1 14 14 7 1 2 1 11 14 14 1 5 1 24 1 21 11 14 1 23 5 1 2 11 9 12 6 25 1 21 18 1 20 1 22 3 25 24 1 4 1 6 1 14 20 1 8 1 21 19 1 24 1 1 5 7 3 1 6 2 9 6 5 1 23 8 1 24 1 10 20 
20 2 9 1 1 10 9 11 1 5 7 9 1 10 5 25 11 21 19 18 1 20 1 3 12 1 10 11 7 3 1 12 2 1 10 7 23 1 24 1 9 6 1 11 0 1 9 25 24 1 0 5 2 9 7 1 21 1 16 1 5 1 2 12 1 4 1 12 1 15 1 2 1 14 1 2 1 9 5 0 
6 11 7 1 18 1 25 1 3 9 12 1 23 1 19 21 18 1 24 1 12 1 18 1 8 1 12 1 8 0 9 25 5 10 9 1 7 1 11 1 12 22 1 18 1 16 1 7 10 8 1 9 1 5 1 16 1 20 1 22 1 14 1 25 1 7 1 9 5 11 1 4 13 1 23 10 5 1 7 10 
16 21 16 1 8 1 13 24 1 20 5 1 21 1 10 1 2 1 11 7 1 21 1 7 17 1 0 1 12 1 3 22 1 9 11 1 3 1 8 11 5 21 1 1 3 22 7 1 13 1 3 25 1 4 1 3 13 1 18 1 20 14 9 7 1 2 1 5 1 21 23 1 4 1 24 4 1 23 1 18 
23 21 1 22 13 4 13 1 11 7 17 25 2 1 17 13 1 5 14 1 1 22 1 19 1 19 1 24 4 1 14 9 7 23 1 23 1 13 1 16 1 10 1 20 2 1 6 1 6 1 22 13 3 1 14 1 12 1 16 1 18 21 1 12 1 11 1 17 3 25 1 16 1 12 3 1 3 25 1 23 
0 8 11 6 1 13 1 19 8 1 7 1 4 1 20 1 4 1 15 4 1 25 7 1 9 1 25 1 22 1 22 7 1 11 1 3 1 25 1 17 1 9 6 9 1 18 1 22 1 7 1 23 10 1 6 9 7 11 10 20 0 1 10 1 20 1 21 1 8 14 1 14 20 1 7 1 12 25 1 21 
8 1 24 15 4 1 4 1 13 1 6 5 1 11 2 1 18 19 1 18 1 3 9 1 3 1 14 1 1 22 1 9 3 1 20 1 2 20 1 24 15 1 25 1 6 17 22 13 15 4 1 9 1 8 1 23 1 10 11 1 4 1 14 7 17 1 21 1 15 13 1 25 17 1 21 1 1 6 1 22 
22 12 1 1 20 9 11 1 2 0 1 14 1 5 20 14 1 23 10 1 5 1 0 2 1 5 1 10 16 1 4 1 25 1 12 24 13 4 1 7 3 22 3 1 5 21 1 6 5 6 25 1 9 2 12 17 1 23 21 23 1 18 1 25 11 14 11 14 11 25 7 1 12 22 1 4 1 19 1 23 
4 1 14 1 9 1 2 5 9 14 1 19 1 21 1 13 1 0 12 1 23 1 14 1 6 25 1 13 1 21 1 15 1 24 1 1 25 5 1 6 1 5 1 25 6 1 16 1 0 1 23 21 16 1 15 1 15 1 15 1 25 1 1 11 9 22 1 8 5 9 6 1 15 13 22 7 1 23 1 13 
9 12 3 1 21 1 18 19 1 25 1 2 14 2 9 1 23 1 8 1 3 1 1 1 23 1 3 1 15 13 1 11 21 18 1 2 11 9 20 2 8 1 25 17 1 5 23 1 3 1 9 5 8 11 1 8 0 1 16 1 12 6 1 5 20 2 1 8 2 9 1 4 1 7 23 10 1 16 1 10 
12 1 19 1 13 22 13 1 3 1 7 2 1 10 1 1 17 1 12 9 7 14 8 23 1 20 1 17 25 1 25 1 2 20 5 6 11 0 1 10 1 3 1 13 1 4 1 4 1 9 1 16 1 20 2 9 25 17 22 13 1 7 1 13 1 24 1 2 1 23 8 0 1 11 6 1 16 1 6 1 
13 1 8 19 18 1 25 1 25 3 1 13 1 25 1 0 11 1 15 1 20 1 0 1 9 14 1 0 1 11 1 13 24 1 11 1 1 13 24 1 4 1 24 12 2 1 23 1 14 5 0 5 20 1 8 1 14 1 10 1 9 14 1 4 13 1 14 1 9 1 6 1 16 21 5 14 11 1 1 7 
10 1 15 1 15 1 16 1 16 10 1 7 1 13 1 9 1 11 1 17 13 1 5 8 11 1 18 1 18 1 1 5 1 13 1 13 17 3 12 22 1 15 24 12 1 2 1 2 1 4 13 17 12 25 1 9 6 2 6 12 24 1 9 1 8 1 0 1 24 1 12 3 9 14 1 20 1 4 1 8 
2 1 17 25 1 15 1 15 1 10 1 22 1 20 1 17 1 10 8 5 1 7 22 9 1 24 4 24 1 20 2 1 17 1 14 1 5 1 14 7 25 17 1 25 1 14 1 12 6 5 1 19 1 15 1 12 25 1 15 1 5 7 1 11 8 1 3 1 16 1 12 1 8 14 1 4 1 24 1 9 
11 1 14 1 6 9 17 1 17 12 1 24 1 16 1 1 7 1 20 1 13 1 14 9 1 19 1 1 1 1 9 1 15 1 9 5 1 15 1 1 13 1 17 1 3 1 11 1 12 1 15 1 25 1 21 1 12 1 6 9 20 1 16 1 14 7 5 21 1 19 1 3 7 22 13 1 17 9 7 9 
3 1 7 3 7 1 13 3 1 5 21 16 1 21 5 1 0 1 20 11 1 1 13 15 1 19 21 11 21 1 22 1 7 1 23 7 1 19 1 18 1 15 1 4 1 14 1 25 7 1 3 17 22 17 25 3 25 24 15 1 19 1 19 8 1 17 1 23 21 1 16 1 22 12 22 1 11 1 15 1 
7 8 7 5 1 18 1 21 16 1 14 1 24 13 1 3 22 1 18 1 24 1 6 1 19 1 25 3 1 24 1 21 1 23 7 1 20 2 1 23 1 5 1 9 3 25 24 1 8 11 1 2 12 3 9 17 22 1 4 1 25 11 1 21 1 9 1 9 25 12 1 22 9 1 5 1 6 1 6 1 
14 1 1 14 8 7 22 9 14 11 1 16 1 19 1 13 24 1 17 3 1 18 1 2 5 2 5 20 0 2 20 1 13 4 15 13 17 1 11 1 21 1 20 9 17 1 4 1 15 1 22 1 20 1 17 1 0 1 17 1 2 11 0 8 7 5 10 9 1 6 2 7 8 23 10 16 10 5 1 22 
15 1 8 1 7 1 16 1 24 1 25 1 25 24 1 5 1 18 1 22 1 24 15 1 13 15 1 8 1 0 1 9 1 8 1 14 1 23 1 5 10 8 1 21 19 1 9 14 7 25 1 6 1 20 1 17 13 15 1 0 1 5 1 1 5 0 1 16 1 17 1 22 7 1 25 7 1 19 1 4 
1 15 24 13 3 1 25 1 7 1 18 1 15 24 12 25 24 1 10 7 8 1 15 1 3 22 17 1 21 23 1 24 1 21 1 22 1 17 7 1 20 1 23 1 7 1 6 1 19 18 1 4 1 11 2 20 1 9 1 23 21 1 5 2 8 14 1 21 1 25 1 8 1 8 1 18 1 2 9 6 
20 11 1 7 17 9 1 20 10 9 6 1 10 23 1 3 7 1 21 1 8 1 8 1 9 1 23 7 22 1 24 1 24 1 18 1 25 3 1 4 1 4 1 2 1 8 1 10 1 18 1 0 1 13 24 1 9 1 18 1 20 2 7 8 19 1 24 1 17 6 12 17 1 20 1 13 22 1 13 17 
18 19 18 1 23 1 11 1 5 1 20 10 1 11 14 2 1 21 19 18 1 24 1 17 25 24 1 20 1 0 1 18 1 13 1 23 1 4 13 4 15 1 20 10 20 1 19 1 23 10 1 1 5 9 7 25 1 19 1 24 1 4 24 1 4 1 6 1 23 1 20 1 7 22 12 9 1 16 1 12 
19 8 6 1 14 1 15 1 14 14 1 8 5 1 13 1 15 1 13 4 1 16 1 9 1 2 1 22 7 5 14 7 3 1 0 5 1 19 1 4 1 8 7 5 14 1 22 12 1 16 1 0 2 1 25 6 8 1 25 5 1 22 17 3 22 1 0 1 0 1 4 1 8 14 9 1 7 8 1 16 
17 9 1 3 1 20 0 1 20 1 17 1 18 1 4 1 4 1 20 5 14 20 1 13 1 18 1 7 1 18 1 25 7 1 11 21 11 1 0 20 10 23 1 0 2 11 25 1 4 13 17 6 1 16 1 7 1 16 10 9 1 22 1 12 3 1 23 1 10 1 6 8 0 1 13 3 22 3 7 10 
5 1 0 1 11 7 1 25 1 9 1 25 1 4 24 1 1 8 1 6 1 17 1 16 1 20 1 6 8 1 19 1 24 1 2 1 19 1 11 1 17 1 12 17 12 0 1 6 1 12 0 1 17 1 5 14 1 1 23 1 25 24 1 20 1 22 1 1 3 1 19 1 21 1 7 11 20 1 10 1 
25 2 1 22 1 13 1 13 24 15 1 2 1 24 25 24 25 7 1 15 1 16 1 9 1 25 6 8 1 8 1 9 7 22 1 8 2 12 1 4 1 4 13 1 19 1 3 9 1 11 10 11 0 1 11 1 9 1 4 24 1 11 14 8 2 1 11 1 15 1 20 5 1 18 1 8 14 1 0 1 
21 1 7 1 0 12 1 22 1 3 7 11 1 4 1 24 13 22 1 16 21 1 12 0 1 23 1 15 1 15 1 17 12 0 8 1 7 22 3 25 1 23 1 0 1 13 1 1 23 1 21 1 20 1 13 22 1 13 3 1 16 21 1 21 1 18 1 25 1 21 16 1 6 17 13 1 10 16 1 12 
24 1 11 1 12 1 19 1 3 1 13 1 12 1 19 1 17 3 1 6 1 2 8 1 16 1 22 1 7 1 7 1 2 14 2 7 1 19 1 0 1 18 19 1 13 17 7 17 1 13 3 13 1 15 1 1 22 7 14 1 5 7 1 3 22 1 22 3 12 2 25 1 13 1 19 1 2 11 6 1 
13 1 19 1 4 1 11 25 2 1 11 1 21 16 1 18 19 1 14 7 10 1 10 1 7 1 3 13 1 0 2 25 1 12 3 13 1 8 1 8 1 12 1 4 1 16 1 14 1 3 1 16 1 11 14 1 12 22 12 24 1 22 1 24 1 24 1 16 1 9 14 1 4 1 12 1 19 18 1 24 
8 1 10 20 9 0 11 1 16 21 1 25 12 9 25 1 5 8 0 1 15 1 1 10 1 6 1 20 1 25 1 2 1 2 14 1 11 6 5 1 8 7 25 3 12 0 1 2 1 19 1 21 19 1 20 5 1 21 5 1 19 1 9 11 1 6 1 1 9 17 1 9 20 10 16 10 1 19 1 12 
4 1 21 23 10 1 13 1 4 1 4 1 12 1 7 8 10 20 0 1 7 10 1 18 21 1 10 23 1 22 9 1 9 1 8 1 19 18 1 24 1 23 1 3 17 6 1 20 1 18 1 2 1 18 1 15 1 15 1 1 10 1 12 0 2 25 1 24 25 2 1 14 1 21 1 4 15 1 0 1 
23 7 1 10 1 5 1 20 1 13 1 6 1 11 8 14 8 1 16 1 25 1 6 2 1 0 8 1 25 1 23 1 14 1 14 1 25 6 1 22 1 24 13 24 1 5 1 25 3 1 1 15 4 24 25 1 16 1 25 17 1 21 5 23 8 1 24 1 7 2 1 18 1 19 1 13 24 1 12 1 
12 1 17 1 18 1 17 1 22 13 1 9 0 1 4 1 10 23 1 3 1 21 1 5 1 17 1 4 1 14 7 1 0 1 12 1 20 9 1 8 1 16 1 5 1 22 1 3 1 3 17 1 13 1 23 8 5 1 19 1 24 1 3 1 19 1 24 1 2 1 20 1 14 9 1 18 1 6 1 4 
5 23 7 1 0 9 20 2 1 3 1 1 18 1 15 1 25 12 25 5 20 1 24 15 1 16 1 16 1 5 25 1 8 11 14 20 5 10 11 9 1 8 1 22 17 1 18 21 23 1 0 1 7 1 17 12 17 1 12 17 1 2 1 22 1 13 3 7 22 1 1 11 1 6 1 20 1 6 1 8 
3 25 12 1 6 12 1 20 1 15 4 1 2 5 20 1 10 16 1 19 1 10 1 22 1 5 0 12 0 12 1 4 1 7 3 13 1 11 20 11 2 1 10 16 1 5 1 1 6 1 12 1 17 1 20 1 22 1 20 0 8 7 1 17 1 15 1 11 25 1 16 1 4 1 11 21 19 21 1 6 
18 21 16 1 1 9 0 1 14 8 1 6 1 21 19 1 6 8 1 25 3 12 1 16 1 19 18 1 5 21 1 8 5 2 6 11 1 19 1 15 13 1 24 13 1 10 1 18 1 21 1 4 1 6 9 17 25 1 11 0 20 5 6 1 15 24 13 15 13 1 8 5 7 1 13 1 9 1 16 1 
11 1 9 2 14 2 1 24 12 2 25 5 1 3 1 22 1 24 15 24 1 9 1 5 1 14 9 1 9 14 1 1 25 1 3 25 17 6 17 1 21 1 5 1 1 9 17 1 2 11 10 1 8 6 1 4 13 24 1 21 1 3 25 1 14 9 14 8 0 1 2 7 25 1 1 0 5 1 9 25 
14 20 1 10 16 1 4 15 1 7 1 7 2 8 1 16 21 1 12 1 11 6 1 8 19 21 1 20 1 5 1 4 1 12 1 13 3 1 0 1 9 1 6 12 1 22 12 1 24 1 13 1 16 1 16 1 17 7 1 17 7 1 21 1 25 11 7 1 24 1 21 1 16 1 10 1 1 25 1 19 
10 5 6 8 0 11 6 8 1 10 11 1 20 1 5 1 24 1 20 14 7 1 11 21 1 18 1 22 1 21 1 11 14 1 6 1 15 1 23 1 9 22 9 0 2 1 11 2 1 25 1 10 1 22 17 6 17 7 23 1 19 1 8 1 17 12 1 0 2 7 1 6 25 24 4 1 9 20 1 5 
0 1 14 5 8 5 8 1 13 22 1 8 1 22 12 2 6 1 21 23 1 20 1 3 1 24 1 4 1 7 2 1 18 1 5 1 21 1 2 1 1 13 1 21 1 19 1 11 14 20 11 2 6 8 1 15 4 1 11 1 25 1 0 2 6 9 1 13 1 8 1 18 1 0 20 1 17 6 1 11 
25 1 2 1 22 7 1 24 1 2 20 1 9 20 5 9 1 15 1 4 15 1 5 6 1 9 1 19 1 6 2 9 1 16 1 0 1 8 1 15 1 20 11 1 3 13 1 10 1 7 1 1 24 1 21 5 9 14 11 0 8 10 1 13 15 13 1 25 1 22 7 1 18 1 23 1 1 24 1 4 
2 1 2 1 22 17 12 1 20 1 5 10 1 19 1 3 1 21 23 21 16 1 14 9 6 1 4 1 14 1 5 1 12 1 6 1 2 9 1 13 1 9 10 1 11 1 20 1 10 11 1 23 1 2 1 20 0 11 1 10 1 12 17 1 20 1 6 1 4 1 23 1 10 1 7 25 1 11 20 9 
15 1 20 1 0 1 14 1 11 2 1 21 1 14 1 10 9 12 1 15 1 9 1 6 1 5 1 17 25 12 1 17 1 12 1 6 1 5 1 23 21 1 22 13 1 10 11 6 25 1 2 1 24 1 2 1 8 0 1 15 1 13 1 20 1 1 5 1 6 11 25 1 20 10 1 14 20 1 10 1 
22 1 3 1 9 12 3 1 22 7 1 12 1 22 17 1 17 6 25 2 1 7 9 1 15 4 13 1 22 1 22 12 3 1 13 1 15 1 9 1 23 1 5 11 20 1 6 12 1 21 1 24 1 1 3 1 16 1 3 1 6 25 3 7 2 7 8 1 23 5 1 0 1 7 1 5 25 11 1 5 
1 13 22 1 16 1 20 9 6 1 11 1 6 1 14 1 10 8 10 1 8 0 20 11 0 8 11 5 14 1 7 1 18 1 14 1 3 9 14 1 0 1 25 3 12 1 3 1 18 21 19 1 25 17 9 22 1 17 3 1 24 1 13 3 22 17 12 1 20 1 2 1 20 1 18 21 23 1 4 1 
20 10 16 1 13 3 1 6 25 1 23 7 23 8 11 6 1 16 1 14 1 21 1 18 1 20 1 8 1 9 14 1 11 0 2 20 9 14 8 10 1 20 1 14 9 22 1 18 1 2 1 19 1 1 2 1 6 9 7 22 12 1 13 1 22 1 6 2 14 20 9 1 17 22 9 1 3 1 16 1 
7 1 23 21 23 5 1 11 1 1 2 6 1 19 1 19 21 19 1 8 10 9 20 1 20 1 25 7 1 0 9 17 1 20 10 11 1 20 11 1 11 20 1 2 9 20 2 8 1 1 3 1 6 12 25 12 9 1 2 9 2 1 2 8 1 5 2 1 18 1 24 1 15 24 1 8 1 23 21 1 
19 1 7 1 14 7 1 2 1 13 3 7 1 18 21 18 19 8 11 6 17 6 1 20 10 23 1 8 10 8 10 9 20 1 0 9 0 1 24 15 1 7 8 6 9 1 18 1 7 14 7 1 7 5 1 5 1 15 1 25 1 9 1 11 2 1 10 1 17 13 1 8 5 9 1 3 1 6 17 25 
16 1 23 5 1 10 1 15 1 24 1 1 20 1 12 25 1 6 1 1 13 1 0 11 1 19 1 25 1 3 25 1 6 1 25 2 11 9 2 1 13 24 1 15 1 12 9 1 24 1 22 1 23 7 8 1 20 14 20 2 7 1 21 1 19 1 22 1 25 6 25 24 1 4 1 12 25 5 1 5 
24 1 24 1 14 1 8 23 1 18 1 19 1 21 23 1 14 11 1 13 1 25 1 10 1 4 1 16 1 12 25 1 6 11 0 1 22 13 1 15 1 21 1 8 14 2 1 21 1 21 1 21 11 7 22 1 12 1 9 1 22 1 1 4 1 10 20 1 12 25 1 13 1 7 1 16 1 20 1 0 
9 6 1 19 1 16 1 8 23 8 1 20 1 18 1 10 1 24 15 1 15 4 1 17 1 8 1 23 1 18 1 7 11 20 1 12 1 4 1 25 7 2 0 1 16 21 1 15 1 21 1 1 1 25 1 22 13 15 1 2 1 0 9 1 13 1 25 1 22 1 18 1 12 1 11 21 1 20 1 1 
17 3 1 22 3 7 8 7 10 1 16 21 18 1 4 1 10 1 22 1 4 1 11 0 5 1 14 5 1 25 1 0 1 22 12 1 9 1 4 13 1 17 1 2 0 1 19 1 0 1 17 1 17 12 25 1 12 24 1 20 10 1 14 1 14 8 23 1 4 1 4 1 2 1 10 1 24 1 4 1 
6 1 21 11 1 8 1 23 5 23 1 1 0 2 1 9 1 0 9 3 1 1 17 1 23 1 17 22 1 6 5 8 11 25 11 1 10 1 16 1 2 1 17 1 15 4 1 11 1 15 1 8 1 18 1 24 1 21 1 12 1 2 1 8 23 10 8 11 21 5 7 17 1 5 8 1 19 1 15 1 
21 1 25 1 11 8 1 16 1 6 1 25 1 25 6 1 20 1 4 1 23 1 7 22 1 3 1 23 1 14 2 14 7 10 9 5 20 0 1 5 1 9 2 6 1 5 0 1 6 1 2 1 2 1 9 1 3 1 14 1 18 19 1 20 1 1 3 1 12 22 3 25 3 1 16 1 6 1 16 1 
7 3 1 3 1 18 1 8 1 11 1 5 23 8 7 1 11 1 21 11 9 5 1 1 13 1 1 24 1 11 1 25 3 7 3 1 3 1 23 1 3 13 1 15 4 1 20 1 13 24 1 22 1 17 6 1 6 2 8 1 20 1 6 1 5 8 6 5 14 1 12 1 7 3 22 1 17 6 2 1 
19 1 9 1 1 1 2 11 21 1 8 1 8 1 17 25 24 13 17 1 2 6 17 3 17 22 1 10 20 1 15 1 24 1 16 21 1 2 20 5 0 1 13 1 2 7 1 12 9 1 0 5 1 3 7 10 1 15 4 15 1 19 1 13 22 9 1 24 1 9 14 7 17 1 6 25 5 20 1 17 
6 17 1 1 17 6 12 1 9 5 14 14 1 11 1 17 1 24 1 4 1 0 1 2 5 6 1 4 1 24 1 25 1 16 1 3 9 20 1 22 1 7 1 10 20 1 21 1 5 10 8 1 9 10 1 16 1 18 1 13 1 23 7 1 25 1 2 7 1 21 1 6 9 5 1 24 1 16 1 11 
25 1 11 1 9 17 1 19 18 1 12 0 1 13 15 1 0 1 1 17 3 1 16 1 3 9 20 9 1 6 8 1 19 1 9 22 1 1 18 21 1 0 1 24 1 14 1 11 9 22 13 1 2 7 1 22 1 3 1 1 4 1 15 1 13 1 6 8 11 6 25 1 13 15 1 7 23 1 9 1 
0 9 7 23 21 1 12 22 1 2 25 9 1 14 1 12 1 19 18 1 1 5 1 16 10 1 5 1 18 1 22 1 13 1 4 1 24 1 17 1 10 1 14 7 5 14 7 17 1 4 1 11 5 9 17 1 11 21 16 1 0 1 15 1 11 1 8 6 1 11 2 1 9 6 1 12 1 24 1 1 
2 1 6 17 1 15 4 13 1 10 20 14 7 9 1 12 9 7 8 1 1 5 1 15 1 4 1 25 1 0 1 0 9 0 1 20 1 24 1 21 16 1 25 1 3 1 14 1 8 7 22 9 1 22 1 18 19 1 16 1 19 1 18 1 16 1 19 18 1 15 1 23 1 19 1 8 1 0 1 21 
23 10 1 12 0 1 11 1 24 1 23 1 8 1 7 11 1 2 5 7 9 1 19 21 1 24 1 17 1 8 19 8 1 13 1 12 1 23 1 25 2 1 18 1 20 1 2 0 8 1 5 1 14 8 14 5 1 3 9 1 25 6 1 7 5 1 1 21 16 1 6 1 9 10 1 0 9 1 23 1 
18 1 7 9 25 1 5 11 20 0 1 24 1 3 1 22 17 13 3 1 10 16 1 17 3 7 1 21 19 21 1 13 1 16 1 12 3 1 18 1 21 1 7 14 5 2 1 6 1 23 1 13 15 1 7 9 1 14 1 8 1 18 1 23 7 1 16 1 12 9 6 1 25 9 3 1 17 25 3 1 
11 5 25 6 1 8 1 20 1 23 1 13 4 1 11 21 1 4 1 12 1 11 1 0 12 1 14 1 12 1 9 20 1 11 10 11 1 5 14 5 14 9 10 1 11 6 9 3 12 1 21 23 1 25 7 1 16 1 11 1 11 0 11 5 1 2 9 3 13 1 9 5 1 16 1 16 1 5 9 11 
17 6 1 6 9 6 1 14 1 19 8 6 1 16 1 4 1 7 1 2 1 0 1 9 6 1 6 1 9 5 1 16 1 18 1 21 1 13 1 7 1 17 9 12 9 25 9 7 1 0 8 7 1 8 6 1 0 2 11 14 1 21 1 22 1 14 1 23 1 23 5 6 1 16 1 5 7 10 1 25 
9 25 1 7 17 1 12 1 25 1 24 12 3 1 9 6 17 1 6 9 1 20 1 23 10 16 21 1 1 15 24 1 8 14 1 18 19 8 5 8 1 16 10 1 14 1 24 1 19 1 21 5 1 25 1 21 1 15 1 5 1 23 1 7 23 1 9 22 1 0 1 2 25 3 1 9 1 3 22 1 
8 1 17 1 23 1 4 15 1 14 1 16 1 4 1 1 20 1 15 1 8 1 25 1 5 8 1 21 1 7 1 23 10 1 11 7 25 1 14 7 25 6 25 7 5 1 12 17 1 12 2 20 1 10 20 1 8 1 4 15 1 23 10 1 2 1 25 1 10 11 6 1 14 1 13 3 9 2 14 1 
10 23 8 10 1 2 1 15 1 15 1 16 10 1 10 1 3 17 1 3 1 11 10 11 20 5 21 23 1 8 23 1 10 16 21 5 9 17 1 12 6 1 6 11 1 25 12 1 18 1 7 1 25 6 1 11 1 21 16 21 19 1 16 1 15 13 15 1 14 1 5 6 1 25 1 7 2 0 20 1 
20 1 19 1 6 1 3 1 2 1 9 1 15 4 1 24 12 1 20 2 1 19 1 18 1 19 1 0 20 1 2 8 1 18 1 2 25 1 15 13 3 22 1 14 2 25 9 6 8 14 1 6 9 14 20 1 12 1 3 1 12 6 11 0 9 14 1 22 1 21 19 1 24 1 11 21 11 1 25 5 
16 21 1 3 1 9 11 1 9 0 1 19 1 4 1 7 1 21 1 0 1 2 0 20 9 11 21 1 1 23 21 18 1 1 5 1 22 9 10 16 1 11 5 1 25 1 8 0 1 2 1 3 1 3 1 3 1 1 6 1 2 1 1 9 1 13 22 1 1 4 24 15 1 20 1 21 5 1 18 21 
4 13 4 13 3 9 1 19 1 9 6 5 14 1 3 7 5 9 11 5 25 9 1 5 1 16 1 25 1 24 15 1 14 1 3 1 24 12 2 9 22 17 1 12 3 13 1 4 1 4 1 20 1 15 1 15 1 17 25 1 6 25 5 21 5 1 1 6 1 21 11 0 20 2 9 11 25 7 9 1 
15 24 1 24 1 6 1 25 1 12 2 1 10 7 1 21 1 6 1 2 1 7 1 4 1 17 1 20 5 2 14 8 2 1 10 1 10 1 24 4 1 1 19 1 14 1 11 7 1 23 1 7 1 16 1 3 9 2 1 20 10 9 1 22 1 1 17 7 1 4 24 1 15 24 1 2 12 9 6 2 
12 1 25 3 25 12 1 13 17 1 8 1 20 1 12 22 7 1 23 8 1 20 2 1 20 1 1 21 19 1 21 1 14 1 23 1 18 21 18 1 11 0 12 3 1 15 4 1 2 5 1 13 1 19 1 10 20 1 23 1 21 1 23 1 20 1 5 21 18 1 24 4 1 14 1 23 21 1 7 9 
14 1 24 25 1 13 1 21 16 1 0 1 7 1 1 0 1 4 1 13 1 13 24 1 16 1 8 23 1 16 1 25 17 12 2 5 7 8 19 1 21 1 22 1 6 1 7 1 13 1 18 19 1 25 1 18 1 12 1 25 2 6 8 0 1 14 7 2 8 1 9 1 21 1 6 8 1 1 18 19 
22 3 1 21 1 1 14 1 20 1 23 10 1 0 1 15 1 24 1 18 1 21 1 12 1 5 1 11 2 5 1 10 16 1 14 8 1 13 1 21 1 12 25 24 25 1 18 19 1 21 1 25 1 17 1 21 1 4 1 20 1 4 1 0 1 24 1 9 10 9 1 4 1 6 1 3 17 9 1 11 
24 12 6 2 9 12 3 9 2 9 14 1 12 25 1 9 10 23 1 24 12 1 11 9 1 17 25 7 1 14 5 1 7 1 2 1 3 1 25 3 12 1 8 1 7 1 14 7 1 12 1 6 1 5 9 1 18 1 22 1 2 5 11 1 12 17 13 1 22 9 17 1 11 6 1 9 11 7 8 10 
3 1 8 1 2 1 7 1 24 1 18 1 16 1 5 6 1 24 1 17 1 24 15 1 9 22 17 12 1 13 24 1 7 1 16 21 23 1 23 1 20 0 1 17 1 9 22 1 18 19 1 2 5 10 16 1 3 12 0 1 15 13 1 22 1 16 1 0 1 13 3 1 12 1 15 4 1 0 5 0 
21 11 1 12 22 1 24 1 13 1 2 1 3 7 11 1 24 1 17 1 24 1 14 1 22 13 1 25 2 1 16 1 3 22 1 3 17 1 23 1 8 2 1 8 2 8 1 13 17 1 19 1 1 19 1 11 1 6 1 10 1 13 22 9 1 2 8 1 3 22 17 7 10 1 12 9 1 5 0 8 
1 18 1 8 1 18 1 5 1 8 1 0 1 11 1 5 11 0 1 16 1 4 1 9 25 3 1 2 0 1 18 1 7 3 7 10 23 1 6 1 15 1 5 23 7 2 7 1 5 1 1 20 11 21 19 1 19 1 22 3 1 14 5 11 5 6 1 2 20 5 10 16 1 1 16 1 22 1 12 1 
13 1 4 1 17 12 2 1 1 10 1 24 1 20 1 0 1 5 1 9 3 12 1 2 1 2 1 1 15 1 10 23 5 6 1 8 1 13 1 16 10 1 4 13 1 5 11 1 13 3 12 1 4 1 11 9 1 15 4 1 3 1 6 9 25 17 1 15 1 12 1 23 1 1 0 1 11 1 12 1 
5 6 11 1 0 9 1 7 1 8 7 1 9 1 7 3 1 18 1 15 1 3 1 4 1 13 1 9 1 17 3 1 24 1 11 1 8 11 1 18 1 9 20 1 13 15 24 12 9 1 15 1 7 22 1 12 9 6 1 23 5 11 1 13 22 1 14 1 23 1 22 1 17 1 16 21 5 21 19 1 
14 9 1 2 20 1 10 8 1 14 1 8 2 1 18 1 8 14 7 1 3 1 6 1 14 14 9 1 22 3 1 5 8 1 18 1 18 1 18 1 12 1 8 6 1 2 1 8 6 1 25 7 5 21 11 25 3 1 21 23 1 7 1 14 9 25 9 5 2 9 7 1 6 1 15 1 16 1 22 1 
16 1 19 1 13 1 0 12 1 9 5 1 11 6 1 14 9 12 1 16 10 7 1 15 13 22 13 22 1 2 1 24 1 21 1 16 10 8 11 1 6 5 21 1 4 1 2 25 1 6 8 7 8 6 1 4 1 10 1 8 1 8 1 10 9 1 6 25 3 1 8 11 1 4 13 15 1 22 1 8 
17 25 1 19 1 5 1 12 9 10 1 2 1 5 14 5 1 13 24 1 7 11 1 17 1 23 1 16 1 10 7 1 8 1 21 1 5 11 21 1 16 10 1 6 1 1 19 1 24 15 24 1 4 1 20 1 2 1 0 12 0 1 6 8 14 1 3 7 1 10 23 1 23 1 1 20 2 1 18 1 
22 7 1 25 24 1 23 1 16 1 22 1 12 1 8 19 1 3 1 12 22 1 17 1 15 1 11 1 24 1 18 19 1 13 1 16 1 9 1 5 0 2 1 16 1 14 8 23 1 6 8 1 18 1 21 19 21 18 21 23 7 8 7 3 7 1 0 1 5 20 11 7 14 1 2 11 10 7 25 1 
1 25 7 11 1 12 1 11 1 24 1 23 1 22 13 1 18 19 21 1 5 7 1 2 1 6 1 6 9 22 3 1 25 1 13 24 1 6 1 13 4 1 3 1 1 18 19 1 19 8 1 20 10 1 16 1 16 10 7 22 1 14 7 3 25 11 20 5 23 1 5 1 23 10 1 15 1 12 3 1 
23 1 1 23 1 23 1 12 3 1 15 1 6 1 2 6 1 23 1 5 10 1 10 1 24 1 9 3 1 23 1 2 1 6 1 12 0 5 11 5 1 17 1 24 1 11 1 7 11 8 1 24 1 15 1 17 1 7 17 1 16 1 0 1 8 1 21 1 11 1 8 19 1 10 5 1 10 1 12 9 
8 1 15 1 18 1 24 1 12 1 13 1 17 6 9 20 2 9 1 11 6 1 18 1 0 1 21 23 5 14 1 6 1 19 1 13 1 14 1 25 1 3 1 0 1 10 1 5 23 21 1 0 1 3 22 1 1 23 21 16 1 5 11 1 22 1 2 1 20 11 1 7 8 5 1 14 2 7 8 1 
20 1 14 7 1 3 22 1 16 1 12 25 1 2 12 9 1 19 1 18 1 2 20 9 25 1 16 1 12 1 10 20 14 1 21 19 1 23 1 9 5 1 15 1 20 1 24 1 7 17 9 2 6 17 7 1 10 16 1 8 0 5 1 15 1 19 1 19 21 1 20 0 1 14 1 13 1 6 1 6 
24 13 1 16 1 13 1 4 1 4 24 25 1 21 19 1 22 1 19 1 8 1 12 24 1 8 11 1 21 19 8 7 22 1 1 6 9 3 1 14 1 19 1 5 14 2 1 10 9 7 1 25 9 1 18 1 0 5 1 6 25 24 1 24 1 21 1 12 1 4 1 14 1 21 1 3 1 22 1 21 
7 22 1 2 1 6 5 1 0 1 8 11 1 25 2 6 8 0 1 9 1 1 1 16 1 15 1 14 11 0 12 1 21 1 5 1 17 1 8 0 1 16 21 11 9 22 9 22 1 25 1 0 11 20 2 8 1 7 5 1 6 1 7 1 6 1 0 1 24 1 23 1 6 1 5 14 8 6 2 1 
3 17 1 8 23 1 21 1 9 10 1 17 1 18 1 7 25 1 6 1 16 1 22 1 24 13 1 9 1 21 5 21 11 9 1 13 1 12 1 23 10 1 10 9 1 0 12 1 7 11 2 20 1 7 8 1 16 1 23 1 2 1 0 20 5 9 6 1 23 1 13 1 24 13 24 1 12 1 23 1 
5 1 18 1 10 9 0 1 3 22 1 24 1 25 6 1 23 21 1 11 1 8 2 7 1 19 8 7 17 1 5 2 20 1 4 1 9 22 9 25 1 23 1 18 1 9 0 1 15 1 11 1 10 1 24 1 6 1 1 1 10 1 6 1 3 22 12 24 1 11 1 16 1 0 9 12 2 11 1 9 
9 0 1 4 1 5 1 4 24 1 21 1 13 17 22 9 1 0 9 2 1 0 5 1 10 1 1 18 1 24 25 1 2 7 14 1 3 1 13 3 17 1 20 0 1 19 1 2 14 11 5 11 21 19 1 1 22 1 21 16 21 1 9 12 0 11 8 2 1 14 1 16 1 16 1 11 20 1 21 1 
25 1 7 1 4 1 19 1 5 1 20 9 20 0 1 24 15 1 7 1 24 1 17 1 2 8 1 17 1 8 1 16 10 9 3 1 10 9 1 25 1 20 1 16 1 13 1 16 1 25 17 7 1 18 1 15 1 9 0 12 1 1 7 1 20 1 25 7 9 0 20 11 1 20 1 21 1 6 11 8 
12 24 1 12 9 0 1 12 1 9 14 5 21 16 1 17 13 1 19 1 18 1 7 22 1 1 3 22 9 12 25 24 1 17 1 20 1 1 11 9 1 25 11 1 15 4 1 25 1 3 13 3 17 1 5 1 15 4 1 8 1 19 1 18 1 21 1 8 1 0 20 1 11 14 1 15 1 11 1 10 
13 3 1 11 0 8 6 1 17 9 1 20 11 10 20 2 1 11 1 24 1 20 1 16 21 1 6 1 13 1 4 15 1 3 1 1 11 7 9 1 5 1 25 24 1 6 12 1 23 1 3 1 18 1 3 7 23 1 17 1 1 19 1 12 1 5 20 1 1 5 8 11 6 11 7 14 1 11 1 9 
2 1 17 1 18 1 8 1 19 1 5 1 14 1 14 1 1 19 1 13 1 16 1 0 1 16 1 13 15 4 1 24 1 15 1 23 8 0 20 0 5 2 1 18 1 4 1 19 21 1 23 7 11 1 15 1 6 1 9 20 2 11 1 24 1 20 10 1 9 1 7 1 9 1 0 1 9 17 25 12 
6 11 20 10 1 13 3 1 2 14 8 6 2 0 1 22 9 1 7 17 1 15 24 1 15 1 21 1 13 1 5 20 1 15 1 23 1 9 1 7 9 1 16 10 8 2 1 23 1 13 1 4 1 16 1 22 1 15 1 10 11 8 1 24 1 15 1 16 1 24 12 24 4 1 2 1 3 1 17 1 
11 1 11 1 5 1 4 1 8 1 25 5 1 6 5 2 9 1 7 25 1 15 1 12 1 10 1 25 1 4 1 25 1 11 14 1 20 1 13 1 13 1 22 9 1 2 1 11 0 9 12 1 25 6 1 14 1 14 1 24 12 3 1 9 3 17 1 18 1 18 1 13 1 17 12 25 2 9 5 14 
21 5 2 9 0 1 6 1 18 1 24 13 1 6 1 23 1 9 3 1 11 21 1 3 1 24 1 8 11 1 5 1 12 3 1 16 1 3 1 22 1 9 14 1 9 11 1 4 1 0 2 1 2 1 11 1 0 1 5 1 25 11 7 1 16 1 6 5 1 12 1 18 1 0 20 1 17 6 9 3 
4 13 1 6 1 0 11 0 5 1 11 1 2 1 14 8 0 1 15 1 23 1 6 17 12 1 13 1 1 13 1 22 1 16 1 8 1 24 1 0 8 1 2 1 0 1 23 21 1 2 11 0 1 22 12 2 1 16 1 13 24 1 11 9 1 19 1 6 1 19 8 19 18 1 11 1 13 1 8 14 
15 1 16 1 22 1 4 1 8 7 23 1 6 1 25 1 12 1 7 23 1 18 21 19 1 9 1 17 7 1 4 1 3 25 17 7 5 20 14 1 20 14 1 21 1 24 25 6 1 23 1 21 1 18 1 14 1 2 1 4 1 12 22 12 1 25 1 17 1 25 1 2 20 11 9 12 9 0 1 21 
18 1 11 10 23 1 7 17 1 8 1 14 1 14 1 0 9 17 1 17 1 5 7 5 10 16 21 5 14 1 17 1 19 1 16 1 5 1 11 21 23 10 5 1 8 1 1 8 19 21 11 1 10 23 1 6 17 7 1 9 10 1 6 1 7 1 13 1 10 1 25 17 3 17 9 1 10 1 0 2 
19 8 23 1 17 1 9 17 12 1 4 13 1 11 6 12 22 1 23 1 21 1 12 22 1 17 22 1 11 0 8 6 1 22 1 25 12 22 1 19 8 7 14 8 1 20 14 1 8 10 1 11 10 1 21 1 0 2 14 7 17 22 1 7 2 1 3 1 4 1 10 11 0 2 25 1 4 1 24 1 
10 1 9 25 11 1 14 9 10 1 21 1 23 1 18 1 12 1 5 14 1 20 1 9 1 11 8 1 8 0 1 13 15 1 18 1 2 9 0 12 1 7 1 7 11 20 1 4 1 22 1 8 7 10 1 2 25 1 25 7 1 1 4 1 21 5 6 1 22 1 8 2 1 17 1 5 1 4 1 7 
0 1 10 11 1 5 9 1 23 21 16 1 19 1 12 17 1 3 1 4 1 17 1 6 11 2 9 10 5 25 1 16 1 11 7 14 1 25 17 1 19 8 14 1 7 3 1 4 1 9 1 7 1 10 1 6 17 12 0 1 13 15 1 14 1 15 4 1 9 20 5 7 25 7 23 1 13 1 1 2 
