15 24 4 13 4 15 24 15 4 15 24 13 3 13 24 13 22 17 9 6 9 11 6 1 8 23 5 20 10 20 10 8 1 2 1 2 6 17 12 22 3 7 3 12 17 13 4 24 15 24 13 4 24 15 24 15 24 13 3 17 1 7 9 6 9 17 12 3 9 6 9 11 2 6 17 1 23 8 1 6 
24 13 22 17 6 11 1 9 7 1 2 11 5 23 5 8 7 11 21 11 6 9 14 8 14 8 2 1 7 3 22 13 4 13 3 13 3 22 13 17 13 24 15 24 13 22 13 3 7 9 14 8 11 6 8 7 11 5 2 5 11 9 11 0 2 0 2 0 8 0 2 5 2 6 17 3 12 3 7 17 
6 8 7 3 22 13 17 6 1 8 6 2 6 2 5 8 0 2 11 6 2 0 11 2 5 23 1 7 17 13 17 7 9 11 0 2 0 8 6 2 6 9 6 17 1 17 7 22 13 24 4 15 24 13 17 12 17 12 3 22 17 9 3 7 11 9 3 9 11 21 19 18 21 11 9 7 11 8 11 7 
21 11 5 2 1 8 10 5 23 1 11 1 17 22 17 1 8 5 8 1 23 8 14 8 0 11 7 11 1 7 3 13 4 13 17 1 17 13 3 9 6 8 6 2 1 11 5 0 2 11 7 22 13 3 17 1 2 5 10 8 1 7 8 14 8 0 5 0 5 23 8 0 5 23 8 14 8 11 2 6 
17 3 12 25 12 25 12 22 7 8 14 5 0 5 2 0 8 0 11 21 19 18 21 18 19 18 19 21 11 5 23 8 23 5 20 10 16 21 11 6 2 6 9 3 13 3 7 1 17 7 1 2 1 9 17 22 3 9 7 3 22 12 17 7 3 7 1 11 1 9 22 17 13 4 15 4 15 4 24 15 
10 16 10 8 10 8 10 16 21 19 18 21 11 2 6 17 9 22 9 17 3 9 7 1 17 7 3 13 4 13 4 24 13 4 13 24 4 13 4 24 4 15 24 15 24 15 24 15 24 4 15 24 4 13 4 15 4 15 24 13 3 13 4 24 4 24 4 24 13 4 15 24 4 15 24 15 24 15 24 4 
13 24 13 4 13 4 24 15 4 15 4 13 22 9 14 9 3 22 13 24 4 15 4 24 4 24 15 24 4 15 24 15 24 13 4 13 17 9 11 6 17 13 24 4 13 4 13 22 9 17 12 3 17 12 25 12 3 22 17 12 22 17 22 9 3 9 14 9 11 8 1 23 5 11 5 8 6 1 23 1 
7 17 3 9 3 7 1 23 8 23 8 5 23 8 2 0 11 7 17 22 12 3 17 9 7 17 13 22 13 4 15 24 4 24 13 17 12 17 13 22 17 13 24 15 4 13 22 17 3 17 6 1 23 8 7 22 13 4 13 3 22 17 13 17 22 9 1 8 10 20 10 20 5 14 8 7 22 12 22 17 
19 18 19 21 18 21 18 21 16 10 8 7 11 5 11 5 8 6 17 9 17 9 22 9 3 12 25 12 22 3 13 17 9 6 1 2 8 10 8 23 5 23 5 2 11 5 23 8 1 8 5 20 10 16 10 8 10 20 10 5 20 5 20 10 8 5 2 8 2 1 11 9 11 7 1 7 9 22 9 6 
4 13 24 15 4 13 17 12 22 7 22 3 7 3 17 3 12 17 7 3 12 25 12 22 12 17 7 1 17 1 23 8 10 20 5 11 7 9 11 0 2 0 2 11 21 16 10 16 21 16 21 11 1 17 9 7 9 7 9 6 17 3 13 4 15 4 15 24 13 17 13 3 17 3 17 9 6 9 14 5 
11 7 22 7 8 1 7 1 6 8 0 8 23 5 2 1 7 3 17 12 17 12 22 12 22 7 22 9 6 9 22 13 17 13 22 9 1 11 9 7 22 12 17 12 25 12 17 13 24 15 4 13 4 13 3 22 9 11 21 18 21 16 10 8 2 5 10 16 21 18 21 18 21 19 21 16 10 16 21 16 
16 21 11 5 0 11 9 17 7 3 12 17 3 12 25 12 22 12 3 22 3 22 7 22 17 12 25 12 22 13 17 7 3 13 3 12 22 3 9 11 9 22 12 3 12 25 12 17 9 1 2 0 8 14 9 22 3 13 22 7 3 7 8 11 0 2 0 8 0 11 1 17 13 17 13 17 7 8 6 8 
12 17 1 11 1 2 6 9 22 3 12 22 7 1 9 17 7 17 6 17 6 2 1 11 9 14 5 0 5 8 5 8 2 1 23 5 23 5 23 1 6 2 11 5 23 1 2 0 8 23 8 23 5 23 8 11 8 6 2 11 9 11 21 18 19 18 21 18 19 21 19 18 21 16 21 18 21 11 21 18 
25 12 25 12 25 12 3 17 1 2 11 6 17 6 8 7 17 6 17 1 8 11 7 22 12 17 9 1 8 23 8 14 9 17 7 17 7 11 21 19 18 19 21 18 19 21 18 19 21 19 18 19 18 21 16 21 18 21 11 6 2 6 9 3 7 22 3 7 1 11 21 16 21 19 21 19 21 19 21 18 
1 8 14 9 7 22 17 3 7 17 22 9 22 7 22 9 22 3 9 14 5 11 2 0 11 7 9 17 13 22 13 24 15 24 15 4 15 24 15 4 13 24 15 24 4 24 13 24 15 24 15 24 4 13 4 15 24 13 4 24 13 3 9 22 17 13 22 12 22 9 7 22 7 22 3 17 7 22 13 22 
14 8 0 11 5 23 8 11 0 2 8 5 20 5 14 9 22 7 9 11 2 0 2 11 5 10 20 5 10 16 21 16 21 18 21 16 10 8 10 8 6 1 7 1 9 17 22 17 1 9 22 13 17 13 3 22 7 3 22 12 25 12 22 13 17 1 17 12 17 13 22 3 12 3 13 24 4 24 4 13 
22 13 4 15 24 4 24 15 4 13 24 4 15 4 13 3 13 3 17 6 1 7 8 6 8 10 16 10 16 21 11 7 3 7 8 11 8 6 11 0 2 5 2 11 0 11 0 2 11 5 20 10 20 10 16 21 16 10 8 0 8 0 5 20 5 20 10 20 5 2 6 8 7 8 2 11 9 17 1 9 
0 8 23 8 23 1 11 1 23 5 2 8 0 11 1 6 11 21 16 10 5 11 1 11 1 23 1 7 8 11 5 14 8 23 1 2 5 0 11 9 3 22 12 3 7 1 6 9 22 13 24 15 4 24 4 24 4 24 4 13 22 7 17 12 25 12 22 13 24 13 4 13 17 7 3 17 3 13 24 4 
9 1 9 22 12 22 17 13 22 17 1 7 17 3 12 25 12 25 12 3 13 22 13 17 3 7 17 1 8 14 8 10 20 5 2 5 10 5 11 0 11 6 2 1 23 1 2 5 2 11 8 6 1 8 2 11 2 1 8 0 11 7 11 8 10 5 20 10 16 21 19 18 21 16 10 16 21 11 8 10 
23 1 6 9 7 17 22 13 3 9 3 12 3 17 12 22 13 4 13 22 13 3 13 4 24 13 22 13 3 22 12 17 6 9 6 9 1 23 1 7 1 2 11 8 1 6 9 1 23 1 7 8 1 11 0 8 1 2 5 11 0 8 7 17 6 8 10 20 5 14 9 3 17 22 7 3 12 17 22 13 
8 7 11 8 23 1 11 1 9 3 13 24 4 15 24 4 15 4 24 15 24 4 24 4 15 24 13 24 15 24 4 24 15 4 24 4 13 22 17 12 3 22 3 9 1 7 22 7 8 2 6 9 17 9 22 7 9 22 17 1 6 17 12 3 22 9 1 2 11 5 2 1 23 5 23 5 14 8 14 9 
2 6 8 14 9 1 11 8 1 11 8 23 8 7 9 6 17 7 22 3 17 3 22 13 17 6 17 13 3 22 9 6 2 5 20 5 0 11 8 7 22 13 3 7 9 22 9 17 7 8 23 5 2 6 9 11 9 3 12 22 17 6 9 11 6 1 8 2 5 23 5 11 8 6 2 6 1 11 6 1 
5 2 11 7 3 17 22 7 11 1 9 3 7 17 9 6 17 13 4 24 4 24 15 24 13 17 12 3 9 22 17 13 3 22 13 3 13 4 13 4 24 13 17 6 11 5 20 10 8 14 9 11 6 8 14 5 2 8 6 2 5 2 6 2 5 8 5 2 1 17 7 9 17 12 25 12 3 12 17 9 
3 17 9 17 6 11 8 10 20 5 2 6 1 6 1 6 2 6 1 6 17 22 7 9 22 13 17 3 13 3 13 3 7 1 6 11 0 11 6 9 3 22 9 22 17 1 7 1 2 6 2 11 2 8 10 5 8 0 5 14 8 1 7 9 1 7 8 23 8 11 7 11 9 7 9 17 22 7 22 9 
18 21 11 21 16 21 18 21 11 5 11 8 14 8 10 20 5 2 6 9 17 6 11 8 6 1 7 1 2 11 5 2 6 17 9 7 1 2 1 9 7 9 6 2 11 8 7 8 1 11 1 23 1 2 5 0 2 0 8 5 11 21 18 21 16 21 11 5 11 7 9 6 8 6 17 7 3 7 22 7 
20 5 11 0 11 5 20 5 8 10 5 23 8 5 8 6 9 6 2 6 8 23 1 6 1 17 6 8 2 8 6 9 22 12 17 6 2 1 17 22 17 6 2 1 8 6 1 2 1 23 8 23 1 6 8 7 8 11 5 0 8 23 8 10 5 0 5 2 8 0 2 0 5 2 11 21 16 21 19 21 
17 12 17 22 7 1 9 7 9 22 13 3 17 3 17 7 8 7 1 8 10 20 10 16 21 11 21 19 18 19 18 19 18 21 18 19 18 19 21 11 0 11 21 18 19 18 19 18 19 21 16 21 11 5 14 5 0 2 1 11 1 23 1 11 5 14 9 11 7 22 7 8 7 11 8 10 20 5 2 5 
11 21 19 18 19 21 11 5 11 2 5 23 5 10 20 5 2 0 11 1 6 9 22 17 12 22 12 22 7 11 8 6 9 14 8 10 16 21 11 8 10 8 11 1 8 0 5 10 8 1 11 8 6 11 5 0 2 11 9 22 9 11 7 1 7 9 1 9 22 12 22 7 11 1 17 12 25 12 3 7 
4 13 4 13 3 7 3 7 3 17 6 9 6 17 6 8 14 5 11 5 10 5 14 8 5 20 5 20 10 5 8 0 2 6 17 6 8 10 20 5 23 1 7 1 17 9 17 3 12 17 1 2 8 14 5 20 10 8 7 3 12 17 12 3 7 17 22 9 17 3 7 8 14 8 6 17 12 22 7 1 
0 2 5 2 11 6 2 5 23 1 6 2 8 2 0 8 10 20 10 8 7 22 17 3 9 6 11 1 17 6 8 5 0 11 21 16 21 16 10 8 7 22 3 9 14 5 23 5 20 5 0 8 23 5 2 1 8 5 14 5 14 5 11 0 11 5 10 8 2 1 2 0 11 21 18 21 16 10 8 14 
19 21 11 0 2 11 1 9 6 17 6 11 9 3 7 3 7 3 12 17 13 22 9 17 13 4 13 22 3 13 17 22 13 4 24 4 15 4 24 4 13 22 13 22 13 17 7 1 7 1 8 1 6 1 2 11 9 22 7 3 17 7 8 2 0 5 23 1 6 17 12 3 17 12 17 7 3 22 3 7 
10 16 21 18 21 18 21 16 21 18 19 18 19 18 21 11 5 14 5 20 10 16 21 19 18 19 21 19 21 16 10 20 5 2 8 0 5 11 6 9 6 8 14 9 14 5 8 23 8 11 0 5 2 11 6 1 17 12 17 6 9 1 17 7 8 23 8 0 2 1 11 6 11 6 11 1 6 8 11 2 
2 8 10 8 7 8 7 11 5 8 5 11 7 9 7 17 13 4 13 3 22 12 17 7 3 17 3 22 12 22 13 17 13 3 12 17 7 1 23 8 1 8 23 8 5 8 0 5 10 8 10 5 0 2 5 20 10 20 5 14 8 5 14 8 0 8 2 11 5 11 6 17 1 9 14 8 11 9 22 12 
12 25 12 3 13 24 13 17 7 3 7 11 0 8 14 8 11 1 9 14 5 23 5 0 2 1 6 17 13 17 6 1 9 3 9 22 13 3 13 4 13 17 6 2 8 11 8 23 8 10 20 5 10 16 21 11 5 14 5 2 6 9 17 12 3 9 3 17 7 1 8 7 22 17 12 17 7 1 7 3 
14 8 6 8 6 2 5 0 5 0 8 7 22 12 25 12 25 12 17 6 2 11 6 11 2 8 2 11 7 11 5 11 21 11 9 6 17 7 22 3 22 13 3 9 11 1 9 7 8 23 1 2 1 8 23 1 8 23 5 8 1 11 2 8 14 8 2 11 21 18 19 18 21 11 0 11 5 0 2 0 
8 7 1 7 22 13 3 9 1 23 1 9 3 7 9 14 9 6 1 23 5 20 5 10 5 2 8 1 2 1 11 8 11 8 1 2 1 2 0 8 0 5 10 5 11 0 5 2 11 21 18 19 18 19 21 18 21 16 21 16 10 16 21 16 21 18 21 18 21 11 21 19 21 11 9 3 7 1 11 6 
15 4 24 4 15 24 15 4 15 4 13 3 12 25 12 25 12 3 17 13 17 6 9 7 11 5 8 0 5 20 10 8 10 5 20 5 2 11 0 2 6 11 7 22 7 3 17 3 13 22 7 22 13 22 9 7 3 13 4 13 3 7 22 9 14 9 1 8 14 9 1 11 8 10 5 11 21 11 0 8 
1 11 1 23 8 0 8 1 2 1 8 23 8 5 10 5 8 5 11 21 11 6 2 1 11 7 9 7 22 3 7 11 0 11 2 0 8 0 11 0 8 23 8 7 22 12 25 12 3 13 22 3 9 11 9 17 13 24 15 4 13 22 9 1 6 1 7 17 3 17 3 7 1 17 9 11 21 19 18 21 
9 11 9 11 8 1 7 8 23 5 23 8 6 17 12 22 3 22 7 8 7 22 13 17 3 12 22 3 12 25 12 22 3 9 14 8 6 2 6 11 1 11 6 11 2 5 0 11 0 11 2 1 2 6 17 3 13 22 12 25 12 22 7 9 17 7 22 17 22 12 17 13 22 17 13 3 7 1 8 11 
18 21 18 19 18 19 21 18 21 16 21 11 1 17 6 2 1 6 8 0 8 0 8 6 9 17 6 8 1 9 6 8 23 8 0 11 6 2 5 2 1 17 7 3 9 1 17 6 9 3 12 25 12 17 3 17 22 17 1 23 5 0 8 5 0 2 5 8 11 21 11 1 23 5 8 2 0 5 14 5 
7 3 22 3 7 9 17 22 12 17 9 6 8 5 20 10 16 10 8 6 1 6 1 6 11 0 5 0 2 5 0 5 2 0 8 11 5 20 5 8 0 11 5 11 21 16 10 20 5 20 10 8 10 20 5 10 8 23 5 23 8 0 8 1 17 9 14 5 10 20 5 23 1 11 0 8 14 8 14 9 
21 16 21 11 9 14 8 2 1 23 8 23 8 0 5 14 9 7 3 12 25 12 25 12 3 13 3 22 12 3 13 17 1 17 6 9 14 8 7 9 22 3 22 3 9 11 21 18 21 16 21 16 10 20 5 23 1 11 0 5 14 9 6 11 21 19 18 21 19 18 21 18 21 18 19 21 19 21 18 21 
24 13 4 13 3 12 25 12 3 17 12 22 7 11 2 8 5 20 5 11 2 8 6 8 11 7 22 3 22 9 22 12 3 13 17 9 14 9 3 17 13 4 24 4 15 24 13 4 24 13 17 3 17 7 11 21 18 21 18 19 21 19 18 21 11 21 11 9 7 9 7 17 6 17 9 22 12 22 17 9 
5 0 2 5 23 1 7 1 7 17 13 4 15 4 24 15 24 15 24 4 24 15 24 15 24 15 4 24 4 24 13 22 3 13 3 13 4 15 24 13 4 24 4 24 4 24 4 13 3 22 3 12 3 22 7 22 13 3 22 7 11 2 6 2 6 17 3 22 12 3 7 8 5 11 1 2 0 11 1 2 
6 2 0 5 20 5 14 5 11 2 6 2 8 7 1 2 0 8 1 9 22 13 4 15 4 13 22 13 17 13 17 9 1 11 2 5 2 1 7 9 1 9 1 8 11 8 7 17 12 25 12 22 9 6 8 7 17 9 7 1 17 9 17 13 22 9 7 22 7 1 9 14 8 11 21 11 1 23 1 6 
25 12 22 17 22 17 13 24 4 15 24 15 4 24 4 24 13 24 15 24 4 13 24 15 4 13 3 13 22 3 7 8 1 2 8 2 11 8 23 5 2 6 1 2 6 9 7 22 17 9 22 17 22 13 3 17 12 3 22 7 17 22 7 9 3 12 17 12 22 12 17 12 3 12 17 7 1 6 2 5 
13 4 15 4 24 4 13 3 17 22 17 22 12 22 9 1 6 2 1 11 5 20 10 20 10 20 10 20 5 0 2 5 8 10 20 10 16 21 16 10 5 11 9 3 12 17 1 11 2 6 8 1 11 1 17 6 17 12 22 13 17 12 25 12 17 7 8 7 8 14 8 23 1 8 11 21 11 0 8 14 
3 22 9 3 22 3 7 11 21 16 21 18 19 21 18 21 19 18 19 21 18 19 21 11 2 0 2 6 1 7 22 17 6 11 6 1 23 8 7 8 0 8 11 6 1 9 6 1 8 10 16 10 16 21 18 21 11 9 6 8 2 5 8 7 3 7 8 7 3 22 17 12 17 3 12 17 1 8 5 2 
22 9 3 17 12 25 12 17 7 1 9 3 22 3 9 1 7 9 7 1 8 6 8 0 2 6 11 6 1 8 0 11 21 11 1 11 7 22 12 22 12 17 6 9 14 5 8 23 5 10 16 21 18 19 21 18 19 18 21 11 7 17 7 11 21 18 19 21 16 21 18 19 18 21 19 21 18 21 11 0 
20 10 5 0 11 2 11 21 16 21 18 19 18 19 18 21 18 21 16 10 8 0 8 7 8 7 3 12 3 7 9 22 12 25 12 22 3 9 3 7 11 8 1 17 6 11 8 6 8 11 21 11 1 9 7 22 17 7 17 6 2 5 20 10 16 10 20 5 0 5 23 8 14 9 14 9 3 12 22 7 
16 21 18 21 11 0 2 11 7 8 1 23 8 23 8 11 8 0 5 14 8 14 9 6 11 5 8 10 5 8 6 17 6 8 5 0 2 8 5 10 20 5 2 5 10 8 5 14 9 7 22 17 3 9 14 9 22 12 3 9 7 22 12 3 9 17 22 17 12 25 12 17 9 3 7 22 12 17 1 7 
23 5 0 8 11 2 11 2 1 2 6 11 1 23 8 0 2 5 10 16 10 8 14 5 10 5 8 23 5 14 8 11 7 8 11 7 3 22 17 7 9 1 8 11 6 1 7 8 0 5 23 5 14 9 1 7 9 11 6 9 1 6 2 8 6 2 6 17 13 24 4 24 13 17 7 8 6 17 6 1 
12 17 3 12 3 22 17 13 17 6 9 6 1 7 1 6 8 10 16 21 18 21 11 6 9 1 23 8 11 5 20 10 20 5 23 8 14 8 7 9 7 1 8 5 20 10 16 21 18 19 21 18 19 18 21 11 1 2 8 11 5 14 5 0 8 10 8 14 9 14 8 11 7 1 17 7 11 6 8 2 
10 20 10 20 5 2 5 14 8 5 8 5 20 10 8 11 1 9 22 7 17 7 8 1 9 1 9 3 12 3 17 9 7 9 22 7 3 13 17 3 7 17 3 17 7 9 6 8 2 0 8 23 5 23 1 23 8 14 8 11 9 3 22 9 3 9 11 21 18 19 21 19 21 16 10 5 8 0 8 5 
20 5 11 7 1 23 8 6 1 11 9 7 11 6 17 12 25 12 22 9 22 7 1 2 1 9 14 5 2 6 17 6 17 22 17 9 17 9 1 17 1 17 22 12 17 22 9 6 2 6 1 2 1 2 6 9 1 17 9 17 7 3 13 17 3 9 6 17 6 2 0 11 5 8 6 2 11 1 9 14 
1 6 11 6 9 1 23 1 6 9 1 7 9 7 1 11 9 3 12 17 7 1 8 1 2 0 2 0 2 1 6 2 0 11 1 17 6 17 22 7 3 17 12 17 12 25 12 25 12 17 1 8 0 2 11 0 8 0 11 7 3 17 6 8 23 5 0 2 11 2 6 8 1 6 2 5 10 5 23 5 
2 1 2 8 5 0 11 0 2 5 10 8 10 5 8 23 5 10 20 10 8 23 5 23 8 2 6 2 0 5 20 5 23 5 2 11 1 9 22 17 12 17 12 22 12 3 7 9 3 13 22 3 7 3 7 1 9 3 7 1 17 1 7 3 13 4 15 24 4 15 24 13 3 7 8 23 5 20 10 20 
0 5 11 6 17 12 22 3 12 25 12 17 12 22 9 7 1 7 9 11 21 11 0 11 7 22 17 3 17 6 8 11 9 22 12 3 22 7 9 11 7 22 17 12 22 3 7 3 22 3 9 11 8 23 5 20 5 8 2 0 2 5 23 1 11 9 22 3 22 12 3 12 17 7 22 13 4 13 17 3 
23 1 2 1 11 21 11 8 10 16 21 16 21 11 6 17 13 3 17 3 12 22 13 3 17 9 22 7 17 7 22 3 17 7 17 6 8 6 17 9 17 1 17 1 9 7 22 9 7 1 2 6 1 11 6 11 8 1 9 22 7 11 8 1 8 6 8 7 17 7 8 5 23 5 10 16 21 11 7 9 
11 5 11 9 17 3 9 11 1 17 9 1 9 11 1 23 1 9 22 17 7 1 8 2 0 8 5 20 10 5 20 5 23 8 1 17 3 9 6 8 1 11 9 11 21 16 21 16 10 16 21 18 19 21 18 19 18 21 19 18 21 18 21 18 19 21 16 21 11 6 11 21 16 10 16 10 20 10 20 10 
24 13 24 15 4 13 22 12 25 12 25 12 22 17 1 17 1 23 5 14 8 2 0 8 0 2 6 8 6 1 23 1 23 1 17 22 12 25 12 3 12 3 9 11 6 9 14 5 2 11 21 18 21 19 18 19 21 11 8 5 10 20 10 16 10 20 5 14 9 17 7 11 8 11 7 9 6 8 5 14 
22 9 11 6 2 8 11 1 17 7 9 6 11 9 14 9 7 9 6 11 0 11 2 0 11 0 11 21 18 21 19 18 21 18 21 11 6 8 6 2 8 5 2 5 8 7 9 17 22 7 3 22 3 9 11 1 9 7 9 6 1 23 5 8 1 7 3 17 7 9 1 7 3 12 3 17 12 25 12 25 
5 0 8 23 1 17 7 8 1 6 1 8 1 11 9 3 9 17 22 9 22 9 1 11 0 11 1 11 7 1 11 0 11 8 0 11 9 11 1 6 17 12 25 12 3 22 9 7 1 8 1 2 6 1 2 0 11 0 11 0 2 1 6 9 6 17 7 3 17 13 24 15 4 15 4 15 4 24 13 4 
14 9 7 9 7 17 22 7 9 6 1 17 7 9 14 5 23 8 11 1 6 8 23 1 23 5 20 10 5 2 6 17 7 3 13 22 9 22 13 4 15 24 15 4 15 24 15 4 15 24 4 15 4 24 4 24 4 13 3 9 22 3 13 22 12 25 12 17 6 11 6 11 2 1 17 3 13 24 4 13 
3 7 8 1 23 5 14 5 14 5 10 16 21 18 21 19 21 11 5 8 14 5 8 14 5 0 8 11 6 17 6 1 17 7 17 6 11 1 6 8 7 9 7 8 14 9 6 11 7 9 7 1 9 14 8 11 9 22 3 13 22 12 25 12 25 12 22 17 22 13 3 13 17 9 22 12 25 12 25 12 
18 21 16 10 16 21 11 5 10 16 10 20 10 5 14 8 10 5 0 8 10 8 23 1 8 11 9 1 11 5 10 20 5 23 1 23 1 23 8 1 8 2 5 0 11 2 0 2 0 5 11 1 7 1 6 9 3 12 17 22 7 11 9 3 22 3 9 7 17 1 17 1 2 11 5 0 5 20 10 8 
17 6 8 2 11 21 18 21 16 21 11 9 14 9 1 2 1 8 7 22 13 3 22 12 22 3 17 9 14 9 3 7 22 13 4 15 24 15 24 4 13 17 1 23 5 10 8 6 8 0 5 20 5 10 8 14 5 10 16 21 16 10 20 10 16 10 5 2 11 6 9 11 6 1 9 3 7 1 6 11 
16 21 19 18 21 19 21 18 21 11 5 8 10 16 10 20 10 5 20 10 16 21 11 21 11 1 7 1 8 2 0 11 9 22 17 9 1 17 13 3 13 22 3 9 22 13 4 24 13 22 17 22 3 17 12 22 12 25 12 3 22 13 17 1 7 1 8 0 2 11 0 8 1 23 1 11 9 17 1 7 
6 17 22 7 9 11 5 20 5 14 8 7 9 17 7 1 2 0 5 20 5 2 1 8 10 5 20 10 16 10 5 8 1 7 11 21 18 21 19 21 11 0 2 11 9 14 9 3 12 3 7 9 3 12 22 12 17 7 17 13 17 12 22 9 22 12 22 9 1 23 1 23 1 2 1 7 17 3 9 6 
7 8 11 0 11 5 14 8 11 0 5 20 10 5 11 9 7 17 1 11 2 1 9 6 11 7 22 7 11 21 18 19 18 19 21 18 21 16 10 16 21 16 21 16 10 8 6 8 1 23 5 10 20 10 5 2 8 6 1 11 9 3 13 24 15 24 13 24 4 24 15 24 4 13 24 13 24 15 4 15 
25 12 25 12 22 13 24 13 3 7 1 7 22 12 25 12 22 13 4 13 22 17 7 17 13 17 6 17 12 3 12 3 9 7 17 7 1 17 3 17 3 7 22 13 4 15 24 4 15 4 24 13 22 3 12 17 6 2 0 5 8 7 22 12 3 7 17 3 22 17 1 11 0 2 1 8 10 16 10 20 
4 13 4 15 4 24 4 13 17 6 17 6 17 1 2 6 9 1 9 3 12 17 22 12 3 22 7 1 11 21 16 10 20 5 2 6 9 11 7 8 7 1 8 0 8 0 11 9 22 13 17 6 9 1 9 11 21 19 18 21 16 10 5 0 8 6 11 6 8 6 2 1 23 1 8 7 22 12 25 12 
8 5 23 5 20 5 11 8 23 5 23 8 6 2 5 2 11 9 22 12 3 22 3 17 9 1 11 9 7 3 22 9 6 9 3 12 3 13 4 15 4 15 4 13 4 13 3 9 14 8 6 9 7 3 7 17 1 6 1 9 14 9 17 22 3 9 1 8 0 5 23 5 10 20 5 10 16 10 20 10 
19 21 18 19 21 11 5 10 20 5 8 1 17 12 3 7 9 11 9 22 12 3 12 3 22 17 9 6 9 3 17 9 14 5 0 2 1 11 7 17 9 3 22 9 7 22 17 13 4 15 24 13 22 3 22 3 13 3 22 12 22 9 6 17 9 14 9 7 17 9 11 9 1 7 3 9 14 5 0 11 
9 17 9 22 9 22 7 1 6 1 2 8 0 2 8 0 5 8 0 5 8 23 8 7 17 13 17 12 25 12 17 22 13 22 3 7 8 23 8 2 11 6 2 11 1 7 3 12 17 22 13 4 24 15 24 13 17 6 2 0 5 2 0 8 0 11 5 23 5 11 2 8 5 0 5 14 5 0 8 6 
21 16 21 11 21 18 19 18 19 18 21 19 21 18 19 21 16 21 16 21 18 21 11 1 9 11 6 1 9 1 23 1 9 6 8 6 1 2 0 2 5 0 11 6 11 9 1 8 0 5 0 8 7 22 13 4 15 4 13 4 15 24 13 3 12 3 22 7 1 2 5 23 8 6 9 22 7 11 0 5 
13 24 4 24 4 13 17 13 24 4 13 17 22 17 12 17 3 12 25 12 17 9 17 7 1 6 17 9 3 22 3 7 9 22 17 9 22 12 3 9 1 6 17 1 8 7 22 12 25 12 3 9 3 13 3 22 7 3 12 3 9 1 6 17 6 8 6 8 5 11 6 17 3 7 9 6 11 21 18 19 
15 24 4 24 4 13 3 22 12 3 17 22 3 17 13 22 9 22 7 8 1 6 11 21 11 8 11 1 11 5 8 14 5 2 1 23 1 6 8 10 16 21 18 21 16 10 5 10 8 5 8 5 20 5 8 10 8 0 2 0 5 8 5 23 1 17 6 17 22 3 7 1 17 7 11 8 7 11 7 11 
13 4 15 4 24 15 24 15 4 13 4 13 3 17 6 8 6 1 9 3 13 3 12 22 17 3 17 6 8 23 8 7 8 10 16 21 16 10 5 11 8 1 7 1 8 14 5 2 6 17 22 13 17 1 9 22 17 1 9 22 9 7 8 7 1 6 9 6 9 11 0 5 23 5 8 1 23 1 11 2 
0 5 10 16 21 11 21 11 2 8 11 5 8 14 5 11 0 8 5 23 1 11 0 11 0 2 1 23 5 20 5 8 0 8 10 8 6 11 5 14 5 2 1 7 9 11 21 11 8 10 16 10 16 21 16 21 16 21 18 19 18 21 19 18 19 21 18 19 21 16 21 11 0 11 8 10 20 10 8 11 
6 11 5 23 8 0 2 6 9 6 1 9 3 12 22 13 3 22 12 17 12 25 12 25 12 3 17 12 25 12 3 7 3 17 12 3 22 7 17 3 9 3 13 17 3 17 3 12 22 12 22 13 24 4 15 24 4 24 13 4 15 4 15 4 24 4 15 4 24 4 15 24 4 13 4 13 17 22 12 22 
2 6 8 0 2 1 8 6 9 11 5 14 5 14 5 20 5 14 9 14 9 6 17 6 17 13 3 17 7 1 11 2 11 0 11 21 19 21 11 1 9 3 13 17 22 13 3 7 11 8 14 9 3 7 8 11 21 11 6 8 14 5 14 8 14 8 14 5 8 11 5 14 9 17 6 9 7 1 7 11 
24 15 24 4 24 15 4 15 4 24 4 15 24 13 22 17 9 6 8 6 8 10 5 10 8 2 0 11 6 11 21 19 18 19 18 21 19 21 19 21 18 21 16 10 8 14 5 20 5 2 1 6 8 1 11 8 7 8 14 5 23 1 11 1 9 7 11 8 23 1 6 2 6 9 14 8 5 14 5 0 
18 19 21 19 21 18 21 16 21 11 9 11 9 7 1 11 5 10 16 21 19 18 21 18 21 11 9 6 8 5 2 8 23 1 6 8 7 22 7 3 9 17 3 7 8 23 8 2 11 21 11 2 11 21 16 10 5 8 7 8 23 5 0 2 8 23 8 10 20 10 5 0 5 2 11 1 9 22 3 22 
10 20 10 5 23 1 9 17 22 17 13 4 15 4 13 3 13 24 13 24 13 17 13 4 15 4 24 13 4 24 15 24 4 24 13 17 22 17 12 25 12 22 12 17 7 17 6 11 5 20 10 5 14 8 14 5 2 0 11 0 5 11 5 20 5 14 8 6 9 11 5 8 2 0 5 14 9 3 9 1 
1 11 5 0 2 6 17 6 1 2 0 8 6 11 9 3 7 22 17 6 11 7 8 14 9 1 2 6 9 22 17 6 1 8 5 8 1 2 5 10 16 10 5 11 0 2 5 14 5 2 0 5 14 5 23 5 14 9 7 9 7 11 21 18 19 18 19 18 21 18 19 18 21 19 18 19 21 16 21 11 
11 7 22 13 3 17 6 11 1 11 2 5 2 11 9 6 11 5 10 20 5 11 5 2 8 0 11 6 1 7 3 17 22 12 3 7 17 3 12 25 12 3 9 22 13 24 13 24 15 24 13 3 12 25 12 17 13 24 15 24 13 3 9 22 9 11 2 8 2 0 8 2 1 9 22 17 22 9 17 9 
22 13 4 15 24 4 24 13 22 7 22 3 13 22 9 22 13 22 3 7 3 22 12 3 9 17 7 1 11 8 11 8 7 1 17 22 3 7 11 21 16 10 16 10 20 5 0 2 8 1 2 6 11 0 2 8 7 8 6 1 8 6 11 7 1 17 1 23 5 23 5 8 7 17 13 4 24 15 24 4 
9 6 17 3 7 22 12 22 17 12 25 12 22 3 17 7 22 7 9 22 12 3 22 12 17 1 6 1 17 9 3 12 3 7 9 17 13 17 12 22 7 9 17 22 13 24 15 24 13 22 12 3 13 17 7 8 1 23 8 10 5 20 5 14 8 7 22 12 22 7 1 6 11 6 1 6 2 1 23 5 
14 8 0 2 1 17 22 3 22 9 11 6 2 8 10 8 5 2 11 6 11 6 9 11 1 7 3 17 13 4 15 24 15 24 13 24 15 4 13 3 9 17 7 8 2 11 7 3 7 22 13 17 1 9 17 13 3 7 9 6 11 7 1 6 2 8 6 1 8 2 5 20 5 14 8 2 1 2 6 2 
16 21 11 9 7 11 5 11 9 7 22 17 7 17 1 6 9 11 8 0 8 23 5 8 5 23 1 17 9 17 12 22 3 13 3 12 22 13 17 1 23 1 17 13 24 15 4 13 17 9 3 17 7 1 11 2 6 9 3 17 22 3 22 13 17 12 22 17 9 22 9 7 11 6 9 1 11 0 5 2 
7 22 12 22 12 17 7 1 7 3 22 13 4 13 22 9 3 12 17 9 11 7 11 5 20 10 16 10 20 10 5 2 6 9 14 9 6 2 6 1 11 7 1 7 17 1 11 5 0 2 5 8 6 2 0 2 8 7 11 6 2 8 10 16 21 16 21 11 7 11 5 10 8 1 11 6 8 1 8 0 
17 7 11 1 2 0 2 0 5 20 10 16 21 19 18 19 18 21 11 6 9 3 17 7 17 9 6 2 8 11 1 7 22 3 13 24 4 24 13 24 13 4 15 24 13 3 22 9 11 7 17 13 24 13 4 13 17 9 6 2 5 0 11 21 19 18 19 21 11 2 5 0 2 0 2 0 2 5 10 16 
20 10 5 20 5 2 1 7 22 12 17 7 9 3 9 17 3 17 12 25 12 17 3 9 1 2 11 0 8 6 2 6 11 6 8 1 8 2 0 2 0 5 8 1 23 5 0 8 0 8 23 8 7 17 7 1 8 5 2 1 23 8 11 8 7 9 3 17 1 9 7 9 14 8 7 1 2 6 11 1 
19 21 19 18 19 21 19 21 19 18 21 11 0 2 1 9 14 5 14 9 11 21 16 10 16 21 16 21 16 21 18 19 18 19 18 21 19 18 19 21 16 10 16 10 5 10 16 10 5 10 20 5 10 8 5 23 1 11 5 8 5 10 20 5 23 5 0 11 0 8 0 5 20 10 5 23 8 5 2 5 
23 5 2 6 1 11 6 11 1 11 0 5 20 10 16 10 8 1 23 5 8 10 8 6 2 8 2 11 7 9 1 11 21 18 19 18 19 18 21 11 21 11 21 18 19 21 16 10 8 14 9 1 8 0 5 10 20 5 23 5 10 20 10 20 5 10 5 20 10 20 5 20 5 11 0 11 9 7 9 14 
4 13 22 3 13 22 9 11 21 18 19 18 21 19 21 16 10 16 21 19 21 11 6 8 5 23 1 17 7 9 6 8 23 1 8 11 7 1 23 1 23 5 11 7 1 17 12 3 9 17 9 14 9 1 9 17 6 2 8 1 9 7 8 6 17 3 12 22 9 22 7 8 1 9 6 1 8 7 9 17 
12 17 3 7 11 7 9 17 9 7 1 11 1 11 7 1 17 12 17 7 17 3 7 22 12 17 13 24 13 4 15 24 4 15 24 13 17 3 7 11 6 2 5 23 8 10 5 23 5 8 23 5 10 5 20 5 2 5 11 0 2 0 5 23 5 10 20 5 14 5 20 10 8 2 1 7 9 7 17 6 
3 12 22 9 14 8 23 5 10 8 0 5 23 1 11 7 22 12 25 12 3 13 17 22 13 3 13 24 15 24 4 24 13 3 12 17 12 25 12 17 13 3 7 1 2 8 10 5 0 8 6 11 2 11 5 8 5 8 14 8 2 6 8 7 11 1 8 0 5 20 10 8 23 1 11 6 17 3 22 17 
15 4 24 4 24 15 4 15 4 24 4 13 17 3 22 3 12 3 22 13 24 13 3 7 8 2 8 11 1 6 17 3 13 24 13 24 13 24 13 3 9 14 9 11 0 5 10 5 23 8 2 0 8 11 6 11 5 14 5 8 1 17 12 22 17 1 11 9 3 17 3 9 3 7 9 22 12 3 7 11 
25 12 3 22 17 13 3 9 22 12 3 22 7 3 12 3 13 3 17 22 12 22 12 17 13 22 13 17 12 17 22 9 6 2 11 2 1 2 6 9 17 9 22 7 22 9 11 8 5 23 5 14 8 10 20 10 16 10 5 23 8 0 2 5 10 20 10 16 21 16 21 11 5 23 1 23 5 11 8 10 
5 2 8 10 5 23 1 6 1 2 6 8 0 5 11 8 6 11 21 18 19 18 19 21 16 10 16 10 20 5 2 8 2 11 7 8 0 11 5 11 9 1 8 6 1 11 2 0 2 0 2 11 0 2 5 14 9 7 8 14 5 14 9 7 8 14 5 11 1 6 9 14 5 20 10 8 11 1 23 5 
21 18 21 16 10 20 10 20 5 8 7 3 17 22 7 1 9 7 1 2 5 23 5 0 8 14 8 23 1 8 11 6 8 11 6 9 22 9 3 17 3 12 3 9 3 7 11 1 11 0 8 6 8 1 2 8 1 23 8 2 6 17 22 3 17 12 22 3 7 1 9 11 6 9 17 3 12 3 13 4 
8 6 17 3 13 24 15 4 24 13 22 13 17 6 17 1 7 11 1 8 1 17 12 25 12 3 12 3 13 22 13 4 24 13 3 13 17 1 8 7 3 12 22 17 7 1 2 1 2 11 5 23 1 23 1 23 5 8 7 8 2 5 23 8 10 16 21 19 21 11 9 3 13 3 17 9 1 6 8 23 
19 18 19 18 19 21 16 21 16 21 18 19 18 19 18 19 18 21 11 8 7 17 6 2 11 0 8 2 0 11 2 11 0 2 11 0 5 10 16 21 11 2 5 20 5 2 0 5 14 5 0 11 0 8 5 8 5 14 5 20 5 8 5 0 8 7 17 1 6 9 11 7 8 7 9 3 9 7 3 7 
16 10 8 10 20 5 14 5 11 6 8 23 5 0 11 2 5 23 1 6 9 1 6 11 1 8 5 0 5 10 8 14 9 17 3 17 3 7 3 13 3 9 3 7 3 12 3 7 3 22 3 12 22 9 22 3 7 17 12 25 12 3 7 9 14 9 22 17 3 12 22 13 17 13 24 4 24 15 4 15 
23 8 6 2 1 8 2 0 11 9 7 17 7 1 7 9 3 9 22 17 6 1 17 12 3 12 22 9 6 1 8 5 14 5 14 5 11 21 11 2 1 23 8 0 11 9 6 11 2 8 23 8 10 20 5 2 8 0 5 23 5 0 11 5 20 10 5 11 2 8 1 7 17 7 11 8 6 11 7 3 
21 11 6 8 7 11 0 11 8 11 5 10 20 5 14 9 17 3 13 24 13 3 7 9 11 2 5 10 20 10 16 21 18 19 21 11 9 22 3 12 17 1 11 8 10 5 0 5 14 8 23 8 14 9 1 11 5 20 10 16 21 18 19 18 21 18 19 21 16 21 11 9 3 22 17 22 13 3 9 22 
12 3 22 17 1 11 1 11 7 3 17 6 8 0 2 1 2 8 1 6 2 8 14 8 0 2 0 5 8 11 21 19 18 21 18 19 21 18 19 18 19 18 19 21 16 10 20 5 23 1 7 9 3 7 1 23 8 11 5 10 8 2 0 8 6 1 8 11 8 2 8 10 8 2 11 2 6 8 5 20 
1 11 6 1 9 6 11 6 9 6 9 7 9 11 8 2 1 7 17 13 3 22 17 6 17 3 13 17 9 3 17 13 22 3 22 7 22 12 22 17 7 11 2 5 8 5 14 8 5 10 20 10 16 10 8 0 8 5 20 5 20 10 8 23 8 2 5 20 10 5 10 5 14 9 17 12 3 17 9 22 
22 7 11 8 5 23 8 23 8 2 8 7 1 17 12 25 12 17 3 7 9 7 17 13 17 3 13 4 15 4 24 15 24 4 24 15 4 15 4 15 4 15 24 4 15 24 13 17 13 3 12 22 9 14 8 1 6 2 1 2 6 17 13 22 17 1 6 17 6 8 6 1 8 6 9 7 3 13 22 9 
17 9 11 8 6 8 14 9 1 6 11 2 6 9 11 21 11 7 17 22 12 25 12 22 13 24 4 24 4 24 13 22 17 6 8 23 8 10 8 6 17 7 17 12 22 13 4 15 24 15 24 4 15 24 4 24 13 3 17 12 3 9 14 9 3 9 7 17 9 7 8 1 11 0 5 11 21 11 6 9 
5 10 5 11 9 22 9 1 9 6 9 7 11 9 22 13 17 7 8 14 5 10 5 14 8 2 0 2 6 17 1 2 0 8 7 17 12 25 12 25 12 22 3 12 25 12 17 6 2 0 5 2 5 14 8 5 8 23 5 10 20 10 8 2 11 2 11 1 6 1 8 0 5 20 5 10 16 10 16 21 
11 0 11 21 19 18 21 16 10 20 10 16 10 8 5 11 9 11 21 18 21 19 18 21 18 21 19 18 21 18 19 21 18 21 19 18 19 18 19 21 19 21 19 21 19 21 11 9 11 6 11 7 11 1 17 1 6 11 2 8 14 5 0 11 6 2 11 2 5 0 2 1 7 11 7 11 0 5 2 6 
7 8 14 8 0 5 14 8 11 1 9 7 8 1 6 11 7 9 14 5 2 8 5 11 1 9 1 6 8 7 8 7 17 9 3 17 6 11 0 8 10 16 21 18 21 19 18 19 18 19 18 21 18 21 19 18 21 11 6 17 12 25 12 3 17 22 17 6 1 17 12 3 13 4 13 17 3 9 22 17 
9 17 9 22 12 3 17 22 3 7 22 13 22 9 17 22 12 25 12 22 7 3 7 9 3 9 3 7 17 7 22 17 6 17 6 9 14 8 6 17 12 22 17 22 7 1 7 17 7 11 1 23 1 8 2 0 5 11 1 7 8 23 8 0 5 23 1 17 13 24 15 24 4 24 13 24 15 4 13 3 
8 5 11 21 11 21 11 9 6 11 21 16 10 16 21 11 8 6 17 6 9 17 12 22 17 13 3 7 9 14 9 11 2 11 21 18 19 18 19 21 19 21 16 21 11 9 11 7 22 17 7 1 6 9 1 6 1 11 21 16 21 11 2 0 2 11 1 7 11 1 8 2 8 23 1 2 1 8 11 8 
6 2 8 5 0 8 14 9 6 8 11 7 9 6 17 13 3 7 8 14 5 8 14 8 14 9 1 9 17 6 2 11 7 22 9 17 7 3 12 3 13 3 22 9 11 7 9 22 7 22 7 11 6 1 2 6 17 1 17 22 7 11 1 23 5 14 9 14 9 17 1 23 8 6 1 11 2 11 8 6 
0 8 6 9 11 2 6 17 22 7 1 2 8 23 8 6 9 22 3 22 12 17 6 9 7 1 11 2 8 2 5 10 20 10 5 10 20 5 14 8 7 8 6 11 1 2 6 11 6 17 1 6 11 2 11 8 5 0 8 2 6 17 9 17 3 17 6 11 2 6 1 17 13 4 15 4 13 17 7 22 
24 13 4 13 22 13 24 15 24 13 24 4 24 4 24 13 17 22 3 7 1 11 1 23 1 2 11 7 17 7 3 22 7 3 9 1 9 22 17 7 22 3 12 25 12 17 3 13 3 22 3 9 1 6 2 5 20 5 23 5 20 10 20 10 5 20 5 8 6 2 0 2 6 2 8 23 5 0 11 0 
14 9 6 2 8 14 9 17 3 22 17 3 17 9 14 5 11 0 2 6 9 17 7 3 22 13 24 13 17 7 9 22 3 9 1 9 17 7 9 17 7 8 7 17 3 9 22 13 4 15 4 13 4 24 4 24 4 13 17 7 9 14 8 5 11 6 9 17 6 2 0 2 8 14 9 14 8 5 11 0 
18 19 18 21 18 21 11 1 11 9 6 11 21 18 19 21 11 9 3 17 22 7 9 22 13 24 15 24 13 17 13 17 1 17 1 11 6 8 6 11 8 23 5 20 5 20 10 16 21 18 21 18 19 21 18 21 18 19 18 19 21 19 18 19 18 21 11 0 5 2 11 2 1 11 9 7 3 22 9 7 
15 24 13 4 13 24 15 4 24 13 22 17 22 12 17 13 4 24 13 4 15 4 15 24 4 24 4 13 17 13 24 4 13 24 15 4 24 15 4 24 4 13 4 24 13 17 13 24 4 15 24 4 13 22 17 1 17 9 1 6 8 2 1 23 1 9 1 7 8 23 5 14 8 0 8 2 0 5 20 5 
13 24 4 13 22 12 25 12 3 12 22 13 22 9 1 2 8 10 20 10 5 0 11 21 11 8 0 2 5 11 9 6 8 2 5 0 11 1 6 8 5 23 1 8 6 17 3 13 17 13 17 12 17 12 3 12 17 12 25 12 3 9 3 22 17 13 4 13 22 12 17 3 9 3 13 4 24 13 24 15 
4 24 15 4 24 4 13 4 24 13 24 13 4 24 13 22 3 7 8 23 1 2 8 1 9 17 3 17 7 11 5 2 5 20 10 5 23 8 23 8 10 5 14 9 14 8 10 5 8 11 2 0 5 20 10 5 2 6 17 9 1 2 11 8 1 6 17 3 12 25 12 17 9 17 22 13 4 24 4 13 
10 16 21 18 21 19 21 11 6 9 14 9 6 1 7 11 6 1 9 1 8 6 17 13 22 3 9 3 12 25 12 22 13 22 7 11 0 5 0 2 0 5 11 6 2 0 5 8 1 11 2 8 1 11 2 11 8 5 0 5 14 9 17 7 11 8 5 10 5 10 8 1 7 17 13 24 13 24 15 4 
20 10 5 0 8 23 8 1 8 1 2 5 2 11 1 6 1 7 17 22 3 7 17 1 17 9 22 17 22 13 22 3 13 24 15 24 4 13 22 7 11 2 5 8 1 9 14 5 2 8 14 5 23 8 6 8 1 9 6 1 11 8 23 5 11 7 1 7 9 22 13 3 7 17 12 22 17 3 13 3 
25 12 22 12 25 12 3 22 9 6 9 1 9 3 7 8 7 22 17 9 6 11 2 1 7 22 9 1 6 17 1 23 1 23 5 14 9 3 9 22 7 17 1 2 8 7 1 8 23 5 2 1 8 5 11 5 14 9 3 22 7 11 8 1 23 1 23 5 11 2 0 11 7 11 5 10 20 5 14 5 
2 8 0 11 8 1 2 8 2 6 11 9 1 11 21 19 21 19 21 18 21 11 6 17 1 17 22 13 17 1 11 21 11 2 8 11 21 11 1 6 8 7 1 23 5 8 11 0 8 23 1 2 5 14 9 17 12 25 12 25 12 22 13 24 4 15 4 13 22 12 3 17 9 22 3 22 9 22 9 1 
3 9 17 7 8 14 5 8 0 2 5 8 11 5 14 8 6 8 6 11 2 0 2 11 2 5 14 9 17 22 13 4 24 15 4 15 4 15 24 15 4 13 3 17 12 22 3 12 17 7 8 10 8 10 16 10 8 23 5 2 0 8 7 11 1 23 1 2 11 1 23 1 17 9 7 17 9 6 9 6 
17 9 3 12 22 17 1 23 5 2 11 8 6 8 0 8 5 11 2 6 11 7 11 8 1 9 6 1 8 2 6 11 1 23 5 0 8 14 8 2 5 14 8 14 9 11 9 14 8 5 2 1 7 1 7 1 17 3 9 17 6 11 6 9 14 9 7 3 12 3 17 6 1 9 17 6 9 3 13 17 
15 24 15 4 24 13 4 24 4 13 3 13 3 17 7 9 17 12 25 12 25 12 17 1 2 8 11 1 7 1 23 1 2 11 1 2 8 0 2 1 6 11 7 1 9 11 1 8 14 8 23 8 7 1 17 6 9 17 7 9 6 11 5 23 1 8 1 17 22 9 3 13 4 13 24 15 24 4 15 24 
12 17 22 9 22 12 3 7 1 2 0 11 5 23 8 14 9 6 2 1 11 0 2 0 2 0 8 2 6 2 11 0 2 8 6 8 11 9 7 9 6 11 21 18 19 18 19 21 18 19 18 21 16 10 8 10 5 23 5 23 8 5 11 1 23 8 23 5 11 2 5 10 5 23 5 11 1 2 0 8 
3 17 1 23 5 2 0 2 5 23 1 17 13 24 4 24 13 22 9 1 11 5 20 10 8 11 6 9 22 17 9 14 8 6 17 12 3 7 22 12 17 9 14 5 14 5 20 5 0 11 5 0 8 6 9 3 9 1 17 13 3 17 6 8 2 11 21 16 21 16 21 19 21 19 21 18 19 21 19 18 
14 9 22 9 14 8 1 8 11 0 5 0 2 6 11 2 6 8 10 8 14 5 11 21 11 8 5 11 6 2 0 2 0 2 0 2 5 23 1 9 1 23 5 10 8 10 16 10 20 10 5 2 5 10 8 7 22 17 22 3 9 11 7 1 6 9 1 6 2 11 6 11 21 18 19 21 16 10 8 2 
2 11 5 8 6 8 10 20 5 0 2 1 8 0 5 0 2 0 11 7 17 9 1 8 0 5 23 8 1 23 5 0 11 8 11 21 18 21 19 21 18 21 11 7 9 11 0 2 5 2 6 1 9 6 8 10 8 1 6 17 6 1 9 11 9 11 8 11 7 1 9 6 17 7 22 13 24 13 4 24 
24 13 24 13 4 24 4 15 4 24 4 15 24 13 24 13 17 3 12 17 13 22 3 22 12 25 12 3 9 22 12 17 13 24 15 24 15 4 15 24 13 4 24 4 15 24 15 4 24 15 24 13 22 7 9 14 5 11 2 1 7 3 22 7 3 12 3 9 22 9 3 13 4 24 13 22 17 6 9 3 
6 17 9 17 22 3 7 3 7 22 3 13 22 12 17 12 3 22 3 12 25 12 3 13 4 24 4 13 22 12 25 12 25 12 22 3 13 3 9 1 8 2 6 8 1 17 22 12 22 12 25 12 22 7 22 3 7 3 12 3 7 1 11 9 3 22 7 17 3 13 3 13 24 15 4 15 24 13 4 13 
23 8 5 14 9 6 9 7 11 6 11 1 7 17 9 17 3 9 6 17 3 12 25 12 3 12 3 13 3 7 3 12 22 13 3 9 1 2 11 8 14 9 14 5 14 5 20 10 16 21 19 18 21 19 18 19 21 16 21 16 21 11 1 7 9 7 3 12 3 17 12 17 22 7 17 3 22 9 6 11 
5 11 9 3 12 25 12 22 9 17 9 1 17 6 1 17 7 3 12 3 17 13 17 6 1 7 11 7 9 3 7 17 3 7 8 0 5 10 5 10 5 14 5 23 8 14 8 2 8 10 20 10 16 21 19 21 19 18 21 11 6 11 9 3 22 7 8 11 21 19 21 18 21 18 19 21 16 21 19 18 
16 21 19 21 18 19 18 21 11 7 1 17 1 2 0 2 11 5 2 1 8 2 1 2 11 21 11 6 2 0 11 21 19 21 16 10 20 10 20 5 8 14 9 7 1 6 8 1 2 1 11 2 1 23 5 23 1 23 5 2 6 9 1 23 1 2 1 11 2 5 20 10 8 10 20 10 16 10 16 10 
19 18 19 21 16 10 20 5 23 1 7 17 6 11 6 1 23 5 10 8 1 2 0 11 1 17 6 9 3 9 22 3 13 24 15 4 24 4 15 24 15 24 13 22 7 3 22 12 3 7 17 1 9 7 1 6 11 7 9 6 9 6 17 6 9 7 1 2 11 2 8 23 8 10 20 10 20 5 2 8 
20 5 20 5 10 16 10 16 10 5 0 5 23 1 11 9 3 9 22 9 3 9 7 3 13 3 9 22 9 22 3 17 3 17 1 9 14 9 7 17 9 3 9 6 11 5 0 11 6 11 1 9 1 9 17 12 17 7 17 1 7 1 23 5 2 5 2 11 6 1 17 12 17 3 7 17 9 14 9 7 
22 13 17 7 3 22 3 13 24 15 4 13 17 7 11 6 17 3 22 3 12 22 7 11 7 3 9 22 7 3 17 12 25 12 17 7 17 3 17 6 8 11 5 8 23 8 1 7 22 12 25 12 17 7 3 9 17 7 9 6 17 13 17 6 17 6 8 7 1 9 17 12 17 3 12 17 9 22 17 9 
8 6 9 11 8 10 8 10 8 1 17 6 9 3 17 7 17 9 3 7 17 13 24 15 4 13 4 24 15 4 24 4 13 24 4 13 3 13 17 6 17 13 3 13 24 4 15 24 13 3 9 6 1 8 11 9 3 7 8 7 22 13 4 24 15 24 15 24 13 22 3 12 3 12 3 12 17 12 22 9 
4 13 24 13 4 13 4 13 24 13 22 12 25 12 17 12 3 13 3 22 9 22 17 22 17 13 17 1 11 6 1 9 14 5 20 10 16 21 16 10 5 10 5 0 11 8 2 6 1 7 1 23 8 2 5 2 5 23 1 8 0 11 9 7 1 7 17 1 2 8 7 8 1 17 12 3 22 13 17 7 
0 11 8 14 9 17 6 1 8 0 11 21 19 18 21 18 21 11 6 1 6 8 14 5 20 10 20 10 8 0 11 9 3 9 1 7 22 9 22 13 3 22 17 6 8 7 8 10 16 10 5 10 8 10 8 23 8 0 11 8 23 5 2 11 9 7 11 5 20 5 11 8 2 0 8 0 2 5 10 5 
11 8 10 20 10 20 10 8 6 17 9 17 7 1 17 6 17 1 8 0 2 5 23 8 1 23 8 6 8 7 22 12 17 6 2 8 11 5 10 5 8 7 22 3 17 22 9 6 2 8 10 16 21 19 18 19 18 21 11 21 11 9 17 12 3 7 1 17 12 25 12 25 12 22 13 22 17 6 1 11 
25 12 22 3 22 3 7 17 12 25 12 3 17 1 9 7 1 17 9 6 9 22 17 9 1 9 22 9 1 6 11 0 5 14 5 10 5 0 5 0 11 2 8 11 0 5 8 23 8 5 14 8 1 8 23 5 2 11 2 5 20 5 20 5 10 8 23 1 8 1 23 5 20 10 16 21 19 21 18 19 
21 18 21 11 8 1 23 8 1 7 9 7 17 6 9 1 6 9 3 13 3 7 9 6 11 5 14 8 23 8 6 8 1 17 7 3 12 3 17 13 24 4 13 24 4 24 13 17 9 17 3 22 7 8 10 8 1 17 22 13 3 12 25 12 3 12 17 7 22 12 3 7 8 11 0 8 5 20 10 16 
7 3 17 22 12 17 12 25 12 3 9 11 7 17 7 17 9 22 9 3 22 17 13 4 13 24 13 17 7 22 3 17 7 22 9 3 13 4 24 13 17 7 17 6 1 6 9 1 6 9 17 7 8 11 0 5 0 5 10 20 10 16 21 11 0 5 23 1 8 5 2 6 17 13 24 15 24 13 3 9 
1 9 22 17 12 3 17 13 4 13 24 15 24 13 22 17 22 3 12 17 3 13 22 12 22 13 17 7 11 0 11 9 1 9 1 6 2 8 2 6 2 11 5 20 5 10 5 14 8 2 5 8 5 20 10 5 10 8 14 8 7 11 2 5 14 8 14 5 20 5 0 8 2 8 0 5 10 16 10 16 
9 1 2 0 5 2 1 9 22 7 8 14 9 11 8 5 23 8 6 17 3 17 22 3 17 12 22 12 3 7 9 6 1 23 1 17 7 3 9 6 1 6 1 17 3 13 24 15 4 15 4 24 15 4 15 24 13 17 6 1 23 8 0 11 9 7 17 3 17 9 11 1 8 6 1 8 10 8 14 8 
18 19 18 21 18 19 21 16 10 20 10 8 10 8 11 8 14 8 5 10 8 14 8 11 8 14 5 2 0 5 10 8 0 2 1 7 22 7 8 2 11 0 5 2 11 21 11 6 8 10 5 11 8 0 8 1 2 1 17 6 1 17 9 22 9 22 9 7 11 9 17 12 22 7 22 3 9 1 9 14 
13 3 12 17 13 3 17 7 17 9 22 3 7 8 7 11 2 5 23 1 8 11 5 23 8 14 9 17 22 17 12 17 1 9 14 9 11 7 11 8 2 8 5 14 8 2 8 23 5 0 5 23 5 8 23 1 11 8 1 23 8 14 8 11 8 11 6 2 5 20 10 20 10 8 0 2 11 1 6 8 
10 8 0 5 0 5 0 8 2 1 6 1 8 11 6 17 12 17 7 1 23 5 14 9 14 5 14 9 14 5 20 5 11 5 23 1 11 8 23 1 7 3 17 1 9 17 6 17 13 24 4 13 24 15 4 24 4 15 4 15 4 13 17 1 7 9 11 6 9 17 3 22 9 3 17 22 9 3 22 13 
4 24 13 4 13 3 7 3 12 25 12 17 9 11 7 11 1 11 9 6 1 2 8 11 9 14 9 17 1 6 8 5 10 5 10 20 10 16 21 19 18 21 11 2 0 2 5 20 5 8 5 20 5 11 7 17 3 9 22 7 3 12 3 13 3 17 7 3 7 22 3 9 17 1 11 9 22 13 22 17 
3 17 1 8 23 1 7 1 6 9 22 13 24 4 24 15 24 15 24 13 17 3 12 22 9 7 11 8 23 1 7 3 12 17 7 17 6 1 9 1 7 11 0 5 8 0 8 6 17 12 17 7 1 2 0 11 6 11 0 2 1 8 5 2 5 2 6 1 9 1 2 11 1 9 22 13 17 12 22 12 
17 9 7 1 23 5 20 10 16 10 5 23 5 0 5 8 23 1 7 8 0 8 10 20 5 20 10 5 23 8 6 8 23 8 14 5 20 5 11 8 2 11 1 23 5 2 8 0 5 20 10 20 10 5 8 0 8 10 5 2 0 8 14 9 7 22 13 22 9 17 13 3 12 25 12 17 22 17 6 8 
21 18 19 18 21 18 19 18 19 18 21 11 6 9 3 7 3 7 22 17 13 24 13 24 13 3 13 17 22 3 7 17 1 8 7 17 12 3 17 1 8 2 6 1 11 9 22 12 3 17 12 22 17 12 17 6 1 11 0 8 1 7 17 6 17 13 22 3 12 25 12 22 9 1 6 1 17 22 17 6 
1 7 1 11 6 8 0 2 11 9 6 11 8 11 8 11 8 10 20 5 20 10 5 11 6 2 11 9 1 11 0 5 23 1 7 1 8 14 8 2 11 5 2 5 2 8 14 8 11 7 11 8 11 9 17 7 8 23 8 14 5 14 9 7 11 1 6 11 6 17 7 17 22 7 8 23 8 14 5 0 
15 24 13 4 24 15 24 13 17 12 17 9 17 22 3 9 7 8 14 8 23 8 1 6 8 7 3 12 22 12 3 12 22 3 7 3 13 22 12 22 9 3 17 22 12 22 7 9 7 9 7 3 22 13 3 17 6 11 2 1 11 21 19 21 16 10 8 0 8 7 11 0 5 20 5 23 5 23 8 23 
16 21 19 18 19 21 16 21 16 10 20 5 11 1 2 8 10 16 21 11 0 5 0 11 7 3 13 3 7 8 7 11 5 20 5 8 10 16 10 5 23 5 11 9 17 7 1 23 5 8 6 9 3 12 25 12 25 12 22 9 3 22 9 17 12 3 7 9 22 3 12 3 22 13 22 7 3 22 12 25 
22 7 11 0 5 20 5 8 23 5 20 5 8 6 1 6 2 11 8 0 8 1 17 6 17 3 17 1 23 1 7 3 9 1 9 7 8 23 5 14 5 0 8 7 9 7 17 6 17 9 17 3 13 3 9 11 8 1 7 1 23 1 8 5 20 10 16 10 8 11 7 1 11 1 8 23 5 8 7 1 
18 21 11 5 14 9 17 6 17 6 1 7 1 11 0 11 1 2 6 2 0 2 11 9 7 17 6 11 2 8 5 20 10 5 10 20 10 20 5 0 11 21 16 10 20 10 20 10 16 21 18 19 21 19 21 18 19 21 16 21 19 18 21 11 6 11 5 20 5 0 8 14 8 10 8 0 8 0 5 14 
12 22 9 3 12 25 12 22 7 11 7 9 3 9 3 7 11 8 2 11 0 11 21 19 21 16 21 19 21 11 1 8 23 5 23 1 6 17 6 17 13 17 3 7 1 8 11 7 22 7 3 7 3 7 8 7 22 17 9 3 13 22 9 6 1 2 5 10 5 2 0 5 23 1 6 8 23 1 9 22 
5 20 5 23 5 14 9 3 7 1 11 0 8 6 9 6 9 3 12 22 12 17 3 13 22 3 22 17 13 4 13 24 15 4 13 3 12 17 6 2 0 11 1 11 1 9 14 9 6 8 7 9 3 12 25 12 25 12 25 12 25 12 22 7 3 7 1 17 7 9 14 5 10 20 5 11 5 10 16 10 
24 15 4 15 24 13 3 9 6 1 7 1 17 22 13 3 7 22 9 6 11 6 1 11 5 8 1 11 5 23 1 2 8 23 5 0 8 1 6 2 5 2 0 11 21 19 21 18 19 21 11 7 9 1 11 6 8 0 8 5 20 10 8 0 2 0 2 6 8 23 8 7 9 11 21 19 21 18 21 11 
13 4 13 17 6 9 22 17 12 3 7 1 2 8 1 7 1 7 3 12 17 6 1 11 5 10 8 2 5 23 5 11 7 22 12 3 7 1 23 1 2 1 9 1 9 22 3 7 9 14 5 11 1 6 9 1 2 11 2 0 8 10 8 2 11 6 1 9 3 12 22 17 12 3 12 3 13 17 3 9 
20 5 10 20 5 11 6 2 0 5 11 7 9 1 17 22 17 7 3 13 4 24 4 15 24 4 13 17 3 17 6 8 14 8 14 9 22 3 9 11 9 6 2 6 9 7 11 2 6 11 9 11 5 2 8 0 2 6 9 1 9 14 5 20 5 14 8 2 5 20 5 8 6 11 2 5 20 5 14 5 
0 2 8 6 2 11 21 11 9 14 9 14 8 2 5 14 8 11 1 7 22 13 4 13 24 13 3 22 12 17 12 22 9 3 13 4 15 24 15 24 15 24 15 24 15 4 24 15 24 4 15 24 15 24 15 24 15 24 15 24 13 3 9 22 9 17 3 17 6 17 3 9 6 1 2 6 9 6 8 5 
2 8 2 0 5 8 14 8 2 1 2 6 2 5 2 0 2 11 21 11 0 8 1 8 10 8 10 20 10 16 10 5 2 0 2 8 7 1 6 2 0 2 1 9 1 23 8 14 5 2 0 11 9 22 9 11 8 5 11 5 20 5 0 5 23 8 1 23 5 23 5 23 1 6 11 6 17 1 8 6 
14 5 10 20 5 2 0 5 0 5 11 1 11 8 23 5 11 5 0 8 1 9 14 9 3 22 17 1 17 9 11 1 17 9 6 9 22 3 13 22 17 7 8 1 6 17 1 2 6 8 6 2 8 5 20 5 14 9 1 6 8 1 17 3 22 17 22 7 8 0 5 20 5 11 8 14 9 7 8 2 
23 5 10 5 0 8 0 11 9 14 8 14 5 2 0 8 11 6 1 2 6 17 3 17 9 22 3 22 12 17 6 9 22 12 17 13 4 15 4 13 17 3 17 3 22 9 22 17 13 24 15 4 15 24 15 4 24 15 24 15 24 4 13 17 9 22 9 17 9 22 9 22 9 1 11 1 17 13 17 13 
9 3 9 3 12 25 12 3 17 9 7 1 9 11 5 10 8 5 2 6 11 7 9 17 6 17 3 13 24 4 15 4 24 15 4 13 4 15 4 15 4 15 4 24 13 4 24 4 24 15 4 24 4 24 13 17 22 3 13 3 7 11 0 11 8 2 5 0 11 0 8 1 17 9 17 6 2 5 20 5 
11 9 11 1 9 14 9 7 9 14 9 1 6 1 17 7 1 7 22 3 9 14 8 6 8 6 9 17 9 22 12 25 12 25 12 17 3 17 3 12 22 7 8 14 8 23 8 6 11 7 3 17 22 12 25 12 3 22 17 6 2 11 5 8 14 9 7 9 11 8 6 17 6 2 11 7 8 23 5 2 
8 23 1 9 22 12 17 22 17 7 17 12 22 13 24 4 13 22 9 14 8 10 5 8 6 2 6 9 3 13 24 15 4 24 4 15 4 15 24 4 24 13 4 24 15 24 4 24 4 24 15 4 15 24 13 22 9 1 11 21 11 6 2 8 0 5 0 11 9 22 17 3 17 1 2 5 2 11 5 23 
19 21 18 21 11 0 2 11 2 5 23 1 23 8 7 3 22 9 14 5 20 5 8 5 10 8 23 5 0 11 7 8 7 17 1 23 5 0 11 0 2 8 14 5 2 11 5 20 5 11 7 8 11 2 1 6 1 17 3 9 11 2 5 11 21 11 8 2 1 8 5 10 5 14 5 0 8 23 8 5 
10 20 5 8 6 9 1 11 8 1 7 11 21 11 6 8 10 20 5 0 11 9 14 5 2 1 17 22 3 12 25 12 3 9 3 13 17 6 9 22 3 9 17 13 22 12 22 17 22 12 17 3 22 7 3 12 25 12 17 22 9 1 2 11 1 17 13 17 12 22 3 13 17 9 17 9 22 12 22 3 
25 12 3 17 1 6 2 0 11 8 10 16 10 5 20 10 20 10 8 7 3 9 11 9 6 2 5 11 5 8 10 8 2 8 1 6 11 8 6 9 17 9 17 7 17 1 23 8 1 11 0 11 0 8 1 23 1 17 6 9 17 7 11 0 2 5 14 5 20 5 20 5 23 5 20 5 20 5 8 5 
7 17 13 24 15 24 15 24 13 17 3 9 11 9 14 5 14 5 0 8 23 8 11 5 23 8 14 8 5 23 5 14 9 6 17 1 9 14 9 22 12 25 12 25 12 22 13 17 9 17 9 6 9 1 7 22 7 3 9 1 8 11 1 17 3 13 22 17 22 3 13 17 9 1 23 1 11 9 6 1 
6 1 2 6 1 7 1 11 5 2 6 17 1 23 1 8 23 5 10 16 10 20 10 8 10 5 8 23 1 8 5 23 8 0 2 11 21 16 21 11 6 9 22 3 12 3 12 3 9 17 7 1 7 22 12 25 12 22 3 12 3 22 17 6 8 14 9 6 8 11 0 8 14 8 6 11 5 8 6 1 
4 13 4 24 13 17 7 1 2 1 23 5 14 9 11 7 17 22 7 1 11 2 5 10 20 10 20 5 14 8 0 8 2 1 6 17 13 24 15 4 24 4 24 15 24 4 15 24 13 22 9 14 9 22 3 12 17 1 2 6 11 5 0 8 23 1 9 7 17 9 11 6 1 7 17 7 11 21 19 21 
20 5 20 10 20 10 5 23 5 10 16 10 20 5 10 5 20 5 11 0 11 5 23 1 7 1 11 6 9 22 12 3 22 9 11 21 16 10 16 10 8 14 5 23 8 0 11 9 6 9 7 11 8 7 22 12 17 7 22 17 22 7 9 17 1 23 5 23 5 2 0 8 14 8 6 9 7 17 12 22 
10 5 2 8 10 16 21 18 21 19 18 19 21 19 21 16 21 11 6 1 8 2 8 0 8 7 8 11 1 9 1 6 2 8 23 5 2 8 11 21 19 21 16 21 19 21 19 21 16 10 20 10 8 11 6 9 17 1 7 9 3 22 7 9 14 5 0 8 1 2 1 23 1 9 3 7 22 13 24 13 
0 2 11 5 11 8 11 6 11 2 5 11 9 22 13 4 15 4 15 4 13 17 13 24 15 4 24 4 15 24 15 24 4 15 24 13 3 12 22 7 11 0 11 5 20 5 0 5 23 1 2 5 2 5 14 8 5 11 8 11 9 11 9 22 9 17 9 22 3 7 17 22 12 17 1 17 7 9 7 17 
21 11 7 11 1 23 8 5 10 16 10 8 1 8 6 11 8 0 8 14 8 1 2 6 8 14 5 11 21 11 5 2 8 23 5 23 5 14 5 20 5 20 5 10 8 1 23 8 23 1 2 6 17 13 17 13 17 7 3 13 17 6 9 22 12 25 12 17 1 7 3 17 12 17 1 8 1 6 2 0 
5 2 0 5 14 5 2 0 5 11 8 0 11 21 18 21 16 21 19 18 19 18 21 18 19 18 19 21 11 21 11 7 11 8 23 8 11 0 8 5 20 5 0 2 8 11 9 14 9 7 1 6 9 1 9 1 11 21 16 21 16 10 5 10 5 8 14 8 14 5 23 1 6 8 1 8 11 8 23 5 
22 7 8 7 11 21 18 19 18 19 18 21 11 6 9 3 22 3 9 22 7 11 0 2 6 8 0 8 10 5 2 5 11 0 5 14 8 10 16 10 5 10 20 10 16 21 11 6 9 14 9 1 7 1 23 5 14 5 8 2 5 8 1 17 12 22 9 14 9 7 8 14 8 23 5 11 8 5 23 8 
23 1 9 14 8 7 9 14 9 17 7 8 14 9 3 12 22 17 12 22 3 12 17 12 17 22 12 3 13 22 17 22 9 1 11 7 11 8 11 7 9 7 22 13 4 24 15 4 13 3 9 11 9 22 13 3 9 7 22 9 7 22 9 6 1 17 9 7 22 3 17 22 9 14 9 6 9 14 9 6 
24 15 24 4 15 4 15 24 15 24 13 17 1 2 0 11 7 11 1 2 11 0 5 20 10 5 20 5 11 9 11 9 1 8 11 1 6 1 2 11 0 5 20 5 10 8 1 9 7 1 23 8 7 17 7 11 21 18 19 21 16 10 20 10 20 10 16 21 11 5 8 14 9 6 2 8 10 16 10 16 
16 21 19 18 21 18 21 18 19 21 18 19 21 18 21 11 1 17 3 12 22 13 24 15 24 4 15 24 15 24 4 15 24 4 24 15 24 13 4 24 4 15 4 15 24 15 4 13 3 12 17 9 6 2 6 8 5 20 5 2 8 23 5 11 8 5 8 0 8 2 8 23 1 9 14 5 0 5 20 10 
11 7 9 1 8 7 3 13 4 13 17 3 9 14 8 10 8 1 23 1 7 9 7 22 9 6 17 13 4 15 4 24 4 13 24 4 13 24 15 24 15 24 13 4 15 4 24 15 24 15 24 15 4 13 4 15 24 15 24 13 17 12 25 12 25 12 25 12 25 12 25 12 17 3 9 22 9 3 9 6 
15 24 4 15 4 24 4 24 4 24 15 24 4 15 24 4 15 4 24 15 24 15 4 13 17 1 17 6 17 7 11 7 1 17 7 17 3 22 9 1 11 8 11 0 2 6 9 11 2 5 20 5 2 5 23 8 6 1 2 0 8 0 5 23 1 9 14 8 2 1 9 7 22 13 17 12 22 12 3 9 
17 7 11 1 7 3 22 7 3 17 9 17 3 13 3 7 9 3 17 6 11 8 23 1 7 17 22 7 9 3 17 22 9 22 13 3 17 12 25 12 3 12 17 9 7 17 9 17 1 2 5 10 20 10 20 10 16 10 5 0 2 6 1 23 1 23 1 6 11 2 5 20 5 8 5 11 6 2 11 8 
7 3 17 12 17 7 8 1 7 3 17 1 7 22 17 3 22 12 25 12 3 17 6 8 0 5 8 7 1 11 5 0 2 1 2 0 2 0 2 1 7 11 8 5 23 5 2 1 7 1 9 22 3 13 3 9 14 9 1 7 1 23 1 8 14 5 23 1 2 0 8 6 1 7 22 13 24 4 24 13 
12 3 17 3 7 11 2 5 23 1 11 21 16 21 18 19 21 18 19 21 18 21 19 21 11 8 2 6 9 11 5 8 6 1 11 8 7 3 22 17 3 7 9 22 13 3 17 12 17 13 4 13 24 15 24 13 4 24 15 24 4 13 22 13 24 4 24 4 15 24 4 15 24 4 15 24 4 15 24 13 
19 18 21 11 2 8 14 8 1 23 5 8 5 23 8 10 5 10 5 2 1 6 1 7 17 1 23 1 9 11 9 1 17 9 17 22 7 9 6 11 6 9 1 17 9 3 13 22 9 17 22 12 25 12 17 7 1 8 5 11 8 2 6 1 9 11 2 5 10 20 5 11 8 0 5 8 5 10 5 23 
8 11 9 14 9 3 13 17 12 17 7 9 22 12 17 6 17 6 2 5 10 5 20 10 16 10 5 10 16 10 20 10 20 10 16 21 19 21 16 10 16 10 8 2 5 11 6 11 5 20 10 16 21 16 10 20 5 11 1 11 8 7 11 6 8 5 0 8 10 16 21 11 9 6 9 17 3 22 13 22 
6 11 5 23 5 14 8 1 7 8 1 23 5 10 16 21 18 19 18 21 18 21 18 21 11 5 10 8 23 8 7 8 2 8 23 5 10 5 23 5 10 5 14 8 10 16 10 20 5 2 5 10 16 10 16 21 19 21 16 10 16 21 16 10 20 5 11 1 11 7 8 5 23 1 23 1 6 9 3 17 
2 1 23 1 23 8 6 9 22 13 3 7 11 21 19 21 18 19 18 21 11 9 7 3 17 1 17 6 17 7 1 23 1 7 22 13 17 3 12 3 12 25 12 22 12 3 7 8 5 23 8 2 5 14 5 2 0 2 5 8 23 8 1 11 1 17 22 9 11 9 1 17 12 25 12 3 22 17 12 17 
3 17 1 7 17 12 22 17 22 17 1 6 1 17 22 13 24 4 13 4 24 4 15 24 15 4 13 3 22 17 7 1 17 22 17 7 3 22 7 22 12 17 22 12 22 17 7 11 9 7 11 5 11 8 6 17 9 1 2 6 11 0 5 20 10 5 10 20 10 5 11 8 2 6 11 6 9 1 2 5 
25 12 17 13 17 3 12 17 9 11 8 6 11 5 11 1 8 7 1 17 12 3 13 22 7 3 7 17 22 9 1 6 9 17 3 13 24 13 4 24 13 22 12 17 12 25 12 25 12 22 7 11 0 5 8 14 8 11 5 14 9 6 17 6 8 23 8 1 7 22 7 17 7 3 22 7 3 7 3 22 
9 6 2 11 5 10 16 21 16 21 19 21 18 19 21 11 6 9 14 9 22 9 7 22 7 11 5 8 23 1 9 1 11 6 11 8 1 6 9 1 2 8 11 9 11 21 16 21 18 21 16 21 11 8 7 9 11 1 23 8 6 1 9 3 13 22 3 17 9 7 8 23 5 20 10 16 10 8 7 22 
1 2 6 17 13 3 12 22 9 1 9 11 6 9 1 17 7 8 23 1 11 1 6 17 12 3 17 22 17 3 17 22 7 8 10 5 2 6 11 0 5 23 1 11 2 11 21 16 10 5 10 16 21 18 19 21 11 9 17 3 9 1 11 9 11 1 8 7 8 6 2 11 6 8 6 1 9 22 3 12 
18 21 11 21 18 19 18 19 18 21 11 9 14 8 0 5 23 8 14 8 23 5 10 5 20 5 10 16 21 18 21 18 21 16 10 5 0 5 23 1 17 7 11 2 6 9 3 9 7 1 7 3 7 17 1 2 6 9 22 7 11 6 11 6 2 1 8 5 8 23 5 8 10 16 10 20 5 8 11 9 
14 9 7 11 9 1 23 8 2 6 11 5 2 11 1 9 11 5 0 8 10 5 11 7 11 6 9 6 11 5 20 5 23 5 10 16 10 16 21 16 21 11 1 17 3 13 17 13 24 4 24 4 24 4 24 15 24 4 15 4 13 17 1 9 3 12 17 1 6 8 1 11 2 1 2 11 7 1 17 9 
13 17 1 9 6 1 11 5 8 11 5 20 10 16 21 18 19 21 18 21 11 7 1 17 1 17 12 3 7 17 3 9 14 9 11 8 7 22 3 17 6 17 3 22 7 9 1 17 3 9 7 17 7 9 22 13 3 9 22 17 13 4 24 15 24 13 4 15 24 13 22 17 6 17 6 2 5 8 11 0 
22 17 13 4 24 15 24 4 24 4 13 3 12 17 1 8 5 8 5 8 0 8 23 1 2 6 2 0 2 8 14 5 20 10 16 21 11 5 11 5 0 5 0 5 10 16 10 20 5 23 5 11 0 2 1 8 7 17 6 2 1 11 0 8 23 1 7 22 17 9 6 1 7 1 23 5 0 5 10 8 
2 1 8 5 2 6 9 3 22 12 3 7 3 7 8 23 5 14 5 8 7 3 13 17 3 13 4 24 4 24 13 4 24 4 15 4 13 24 4 24 4 24 13 3 13 22 7 1 11 9 14 9 1 2 11 6 9 22 17 1 11 21 11 6 8 11 5 11 6 1 9 1 7 3 12 3 17 3 22 17 
13 22 17 13 17 22 9 11 9 7 3 13 22 7 8 7 1 6 1 23 1 7 17 1 6 8 2 5 8 0 8 2 6 11 2 8 0 5 10 20 10 8 6 11 2 11 2 6 8 5 2 0 5 8 7 8 14 9 3 9 1 11 1 9 17 13 22 17 12 22 3 12 3 17 13 22 13 22 3 17 
18 21 11 5 0 2 1 17 9 6 11 0 8 5 11 1 2 6 2 6 1 2 1 2 8 2 1 7 8 7 9 7 22 13 17 3 9 1 6 8 2 5 10 5 2 0 11 1 11 8 0 11 21 18 21 16 10 16 10 16 21 16 10 5 20 5 0 5 8 0 5 11 6 8 14 8 0 8 2 0 
20 5 23 5 20 10 20 5 11 1 7 9 14 5 8 1 2 11 2 1 8 10 8 23 5 20 5 8 5 8 0 2 8 14 5 0 8 6 8 5 14 5 8 7 1 17 13 22 9 3 13 3 17 9 7 3 12 22 12 3 7 8 23 1 23 5 14 5 14 8 7 3 22 13 3 9 1 17 6 17 
25 12 25 12 25 12 25 12 3 13 17 6 9 17 6 11 7 1 11 9 17 12 17 13 22 3 7 9 17 22 12 3 17 3 9 22 3 9 7 1 9 3 13 3 22 13 22 17 13 24 13 22 17 3 9 11 9 6 2 8 11 1 6 9 1 8 23 5 11 5 8 11 1 9 3 12 22 7 17 22 
23 5 20 10 5 10 20 10 20 5 0 2 11 9 6 17 22 12 3 17 7 11 6 17 13 3 12 3 9 14 5 2 5 20 10 5 2 5 20 10 5 10 8 14 9 17 1 17 7 22 9 1 8 0 5 20 5 11 9 1 7 9 17 6 2 8 6 9 7 3 22 17 9 3 22 3 12 25 12 3 
9 6 17 22 13 3 22 17 12 17 13 3 12 3 9 3 12 3 17 6 2 11 7 17 12 22 7 1 17 7 8 23 8 1 7 11 2 11 6 2 0 5 11 2 0 11 2 8 2 0 11 8 7 17 7 11 2 5 0 5 8 1 23 1 17 6 17 1 6 2 0 11 2 6 8 10 5 2 0 8 
16 21 18 19 18 21 11 9 1 11 1 2 0 11 9 22 3 17 12 17 13 4 15 4 13 22 3 22 7 3 13 22 13 22 7 1 7 3 17 6 17 22 13 24 4 24 15 4 13 24 4 13 22 3 9 17 3 9 1 8 14 5 2 11 21 11 0 2 1 9 3 22 13 4 13 17 1 8 11 2 
17 13 4 24 13 24 15 24 13 24 13 17 22 3 12 22 3 12 22 3 17 1 8 23 8 11 6 1 8 10 8 5 0 5 23 8 5 20 5 23 1 11 5 2 8 5 2 11 2 0 5 2 6 8 11 7 9 3 7 9 17 12 3 9 11 0 5 8 5 11 2 8 23 8 11 2 11 8 0 2 
12 17 12 3 7 3 7 9 3 13 17 9 14 8 14 5 0 8 11 8 2 5 20 5 8 6 9 1 6 9 6 11 9 6 11 7 17 1 17 13 22 12 17 1 6 17 9 3 17 7 11 21 11 5 20 10 8 23 5 0 5 10 20 10 16 10 5 20 10 8 2 5 2 11 7 17 3 9 17 12 
1 8 10 16 10 20 10 20 10 20 10 20 5 14 9 11 0 5 20 10 20 5 11 21 16 10 5 8 2 11 2 6 2 11 9 7 22 3 22 3 12 25 12 25 12 17 13 17 22 17 3 22 3 12 3 7 17 7 8 23 8 7 1 9 11 21 16 21 18 19 18 19 18 21 19 21 11 2 6 8 
21 16 21 11 2 5 20 10 16 10 20 10 5 2 6 8 2 5 10 16 21 16 10 5 10 8 2 6 17 1 17 9 1 6 2 8 7 22 7 9 1 23 1 17 13 17 13 22 3 12 3 7 3 13 24 4 15 24 4 13 24 15 4 24 4 24 4 13 24 13 24 15 24 4 13 3 7 11 1 8 
10 8 14 9 11 0 5 20 10 8 23 8 2 5 23 1 17 3 7 22 3 9 6 1 6 17 1 17 7 11 9 1 23 1 8 11 5 8 0 8 7 1 2 11 9 1 23 8 0 8 7 9 17 22 13 3 13 3 7 3 17 22 3 12 3 12 17 9 17 13 17 13 17 12 22 12 25 12 3 12 
11 1 11 2 6 11 9 14 5 11 5 8 2 5 20 5 0 11 0 11 2 0 8 1 17 22 17 3 7 11 21 11 5 0 8 6 1 23 8 23 8 11 5 14 8 6 1 2 5 0 11 5 11 1 7 9 17 6 9 7 1 11 2 6 8 11 2 0 8 7 3 13 17 1 8 11 5 11 5 0 
19 21 19 21 18 21 18 19 21 11 1 9 17 6 17 1 7 17 1 2 11 7 3 12 17 13 4 13 3 9 7 3 7 1 7 22 3 22 13 22 17 3 22 9 14 9 11 2 0 5 11 8 10 5 10 8 14 5 10 20 5 20 5 11 5 8 5 20 10 16 10 16 21 11 21 18 19 18 21 16 
0 8 10 20 5 11 1 11 6 8 0 11 5 8 10 5 0 2 6 9 1 6 1 8 23 5 8 2 6 1 7 11 21 18 19 18 21 18 21 19 21 11 8 11 6 17 1 2 5 23 5 8 5 0 5 10 20 10 20 10 20 5 0 8 7 1 23 5 23 1 2 8 1 8 5 20 10 8 5 10 
24 15 24 4 24 4 15 4 24 15 4 24 4 24 13 17 9 22 13 24 4 13 17 9 1 11 8 6 17 1 9 6 1 6 17 6 17 7 9 3 9 7 22 17 7 17 13 22 9 22 12 22 12 3 12 17 13 22 12 22 17 22 12 3 22 17 7 11 6 11 21 11 1 6 2 5 0 2 6 11 
3 7 9 1 7 3 17 1 2 1 7 1 11 6 17 3 22 13 17 9 1 6 1 9 22 13 17 22 17 9 14 8 23 8 11 7 11 7 8 23 8 11 8 23 8 11 8 11 8 2 11 9 6 2 6 11 9 6 17 9 22 7 17 3 22 3 13 3 13 22 17 7 22 12 3 12 22 7 3 22 
7 17 9 11 0 2 0 2 0 8 7 11 2 8 6 9 7 9 6 17 22 13 17 6 2 11 0 5 8 7 11 6 8 0 2 11 2 11 0 8 11 7 22 17 3 9 7 17 3 7 3 9 3 13 4 13 24 4 13 4 15 24 15 24 13 4 15 24 4 15 24 15 4 15 4 15 4 13 22 9 
5 0 11 21 16 10 16 21 11 1 11 9 7 17 9 11 21 19 21 19 18 21 16 10 5 11 7 17 1 11 8 0 11 2 1 9 6 9 17 6 9 17 1 9 22 17 22 13 17 6 8 5 8 2 6 9 11 7 3 9 7 1 6 11 6 17 7 22 9 7 1 23 8 10 20 10 8 6 17 7 
15 4 24 13 24 13 24 13 22 3 13 4 24 13 22 3 22 7 1 17 9 6 11 5 11 0 5 11 9 11 8 23 5 10 16 21 19 18 21 19 18 21 19 21 16 10 20 5 8 5 14 8 11 7 1 17 13 22 3 9 3 22 17 12 22 7 9 22 7 3 22 12 17 1 23 5 20 10 8 10 
14 8 23 1 9 7 1 9 17 13 17 22 17 12 22 17 13 3 9 22 3 7 9 3 13 22 7 1 6 1 7 17 1 8 1 8 0 8 6 8 5 20 10 8 23 1 17 1 9 3 17 1 6 17 12 17 13 3 9 1 6 8 11 8 6 2 8 2 6 11 5 0 8 7 22 9 11 5 10 5 
6 8 1 8 1 11 21 11 2 0 5 2 5 10 16 21 18 19 18 19 18 19 21 16 21 11 21 18 19 18 21 19 18 19 18 21 18 21 18 19 18 19 18 21 11 9 3 17 6 8 7 1 7 3 22 12 22 9 14 9 3 17 13 24 15 24 4 15 4 15 24 13 22 13 17 22 3 7 9 17 
8 5 23 1 9 22 9 22 9 3 9 22 13 24 13 17 7 11 5 2 0 2 0 2 0 8 2 1 7 17 22 17 9 3 7 17 3 7 1 2 1 2 5 14 9 22 17 22 3 9 1 17 9 6 2 8 7 11 9 11 6 9 17 1 6 8 10 8 1 23 1 23 8 23 5 0 11 9 14 8 
4 15 24 13 4 24 13 24 4 24 15 24 13 3 9 1 11 9 11 1 2 1 17 3 13 4 13 17 9 7 1 6 11 8 0 5 10 16 10 16 10 20 5 2 8 2 0 2 8 1 6 2 1 6 1 2 8 11 21 19 18 19 18 19 18 19 21 18 21 16 10 16 10 8 6 2 1 8 1 9 
20 5 11 7 9 7 3 7 8 6 1 6 1 9 3 12 3 7 1 8 2 1 23 1 7 17 22 13 22 17 13 24 15 24 13 24 4 24 15 4 15 24 4 15 24 15 4 24 4 13 4 15 4 24 13 4 15 24 13 4 15 24 4 24 13 3 17 6 11 7 1 17 12 25 12 25 12 22 9 7 
10 16 10 8 2 6 17 22 3 12 22 9 11 21 16 10 8 6 8 14 8 14 8 2 11 6 17 12 22 13 22 12 17 7 3 7 9 3 7 11 5 14 5 11 7 1 2 0 11 9 1 11 7 9 3 12 25 12 3 9 6 17 7 11 8 23 5 0 8 1 11 5 0 11 1 9 3 12 22 13 
5 14 9 1 6 9 6 2 6 1 11 9 17 7 1 2 8 14 5 2 1 7 11 7 8 7 8 10 20 5 2 6 2 6 9 22 7 3 13 4 13 24 15 24 13 24 15 4 15 4 13 4 15 4 15 24 4 24 13 4 13 17 3 9 1 6 1 11 0 8 7 22 13 4 24 15 4 15 4 15 
22 12 22 9 22 3 12 25 12 3 17 22 17 9 1 2 1 6 17 9 14 9 7 17 1 7 11 8 23 5 23 8 2 8 10 20 10 5 8 0 5 14 8 11 21 11 9 22 12 25 12 3 13 17 1 8 23 1 2 6 17 13 22 9 17 3 9 14 9 14 8 10 5 11 8 1 2 0 5 20 
21 11 0 11 5 8 23 1 11 9 11 8 6 1 17 13 3 12 17 3 12 17 6 17 3 9 17 22 13 3 9 6 1 6 11 5 11 9 6 1 23 5 14 9 6 17 9 17 12 3 7 1 7 1 17 12 17 22 9 1 9 22 13 4 13 3 13 4 24 4 13 17 3 12 17 1 9 6 9 1 
23 1 8 14 9 1 11 1 17 7 17 6 9 17 7 11 21 18 19 21 11 1 7 22 9 22 17 22 13 22 12 25 12 25 12 25 12 17 12 25 12 17 7 17 13 24 4 13 4 13 3 12 25 12 17 3 13 3 12 25 12 25 12 22 3 7 9 22 9 6 8 5 10 8 23 8 23 1 2 1 
17 3 13 3 13 3 12 3 7 9 3 13 3 12 22 9 7 8 5 10 5 10 16 10 20 10 20 10 8 10 5 8 2 8 10 8 11 9 7 9 22 7 1 9 14 8 10 5 11 1 11 2 5 10 5 2 0 5 0 2 5 8 7 1 11 8 14 9 22 13 3 13 24 13 3 12 17 6 8 10 
6 8 1 23 8 11 21 18 19 21 11 8 6 1 8 11 21 18 21 19 18 19 21 18 19 18 19 21 18 19 21 19 21 18 21 18 19 21 18 19 21 19 21 11 5 20 10 5 0 8 0 5 10 5 20 10 8 0 5 23 8 0 11 0 8 6 17 3 22 7 9 11 21 16 21 18 21 18 19 21 
13 22 12 3 7 1 11 0 11 0 11 5 23 5 0 5 14 8 2 8 0 2 5 14 9 14 8 5 11 7 11 5 23 5 0 8 2 11 0 5 20 5 8 14 9 14 8 11 1 7 22 9 22 13 3 13 4 15 4 24 13 17 22 13 3 22 7 17 12 3 22 12 17 3 13 17 13 17 7 11 
18 19 21 19 21 19 18 19 18 21 16 10 8 23 5 8 0 2 8 1 11 6 1 23 5 14 5 23 5 23 5 20 5 20 5 8 5 14 8 14 9 6 1 6 1 6 11 6 8 23 8 1 17 3 17 13 4 13 17 6 8 23 1 17 6 2 11 2 5 23 5 10 8 23 5 20 5 20 5 20 
8 23 1 23 1 2 11 5 14 9 22 7 17 3 7 8 2 11 0 5 23 5 23 8 5 11 1 7 22 13 22 9 22 17 1 2 0 5 14 8 1 17 7 9 6 9 11 9 7 11 5 23 5 8 23 8 6 1 8 1 8 14 8 6 17 1 9 22 13 4 15 24 13 24 13 22 17 22 9 1 
24 13 3 13 17 22 17 6 2 11 1 7 17 7 9 14 9 11 2 0 11 2 8 14 5 23 1 17 1 11 21 18 21 11 7 9 3 12 25 12 3 17 13 24 13 24 4 13 17 6 8 14 8 10 5 14 8 11 8 10 20 10 16 10 5 8 23 5 11 8 7 17 7 17 22 7 3 9 1 6 
9 6 8 23 5 0 5 2 11 21 16 21 16 10 8 14 9 22 17 9 6 2 0 2 0 5 14 5 20 10 16 10 8 10 16 21 11 9 17 1 9 3 12 22 13 24 4 24 4 15 4 24 13 3 22 12 25 12 22 13 22 9 17 1 7 3 9 22 9 11 21 18 19 21 11 6 9 1 17 3 
4 13 4 15 4 15 24 15 4 13 3 17 6 2 11 5 8 1 6 11 9 14 5 20 5 11 9 22 9 6 2 11 1 17 22 9 22 12 22 12 17 13 3 17 1 11 6 11 6 1 23 8 11 6 17 9 11 9 17 12 3 9 1 9 6 8 10 8 11 1 8 1 23 5 20 10 20 5 14 8 
1 2 0 5 20 10 16 21 16 21 18 21 19 21 16 10 8 7 9 1 17 9 3 12 3 12 25 12 22 7 3 12 25 12 25 12 3 7 1 23 8 2 1 8 2 0 11 5 10 16 10 20 10 16 21 18 21 19 21 16 10 16 21 16 10 8 2 0 11 6 17 12 3 22 7 22 12 17 9 14 
19 21 11 9 1 8 5 11 9 14 8 14 5 8 10 20 10 5 20 10 8 1 11 8 0 2 11 8 1 7 8 5 2 0 5 10 20 10 5 14 8 10 5 8 14 9 11 6 2 0 8 10 8 0 11 6 8 7 8 1 9 22 17 13 3 17 13 3 12 22 13 4 15 24 13 4 13 4 24 13 
0 2 6 2 6 1 6 2 0 11 2 6 1 23 8 11 21 11 21 19 21 16 21 19 18 21 11 7 22 12 22 13 17 9 6 9 1 11 6 1 6 9 6 17 1 23 5 11 1 9 1 17 1 17 13 24 13 24 15 4 15 24 13 17 12 22 9 7 11 5 0 2 6 17 1 11 6 17 1 8 
12 17 6 9 17 6 9 14 5 11 0 8 0 5 14 8 1 23 5 10 16 21 11 6 1 9 3 7 1 7 9 6 17 3 17 1 17 9 3 12 17 22 13 22 7 22 3 17 1 23 1 2 8 10 20 10 20 5 23 1 7 1 2 1 6 2 11 7 9 6 17 3 13 17 6 8 7 8 6 8 
16 10 8 11 0 2 5 11 6 11 8 1 17 9 6 9 14 8 10 8 10 8 11 0 2 0 8 14 5 10 5 23 8 23 8 7 22 9 1 6 2 6 9 6 17 6 11 8 5 20 5 10 8 2 6 1 9 14 5 23 1 2 5 20 10 16 21 11 9 17 7 8 14 8 1 11 2 6 8 2 
25 12 17 3 7 8 2 8 14 8 5 2 0 8 0 8 5 2 8 2 1 17 7 9 7 11 7 11 5 2 8 14 9 7 9 6 8 6 8 5 0 2 6 9 6 9 3 17 6 9 22 12 17 3 12 17 9 3 13 3 13 3 7 8 10 20 5 23 1 6 1 23 5 14 8 1 2 11 21 11 
11 1 23 1 9 1 2 0 2 6 2 5 10 16 21 16 21 18 19 18 21 19 21 11 9 14 9 11 5 23 8 2 11 8 10 20 5 2 1 9 3 22 3 7 3 13 3 17 13 4 24 13 3 9 11 2 11 6 2 11 9 14 9 17 7 1 7 17 12 17 12 22 7 22 13 22 12 25 12 17 
7 3 17 7 9 22 9 6 8 6 9 14 9 6 2 0 2 6 9 3 13 17 7 3 12 25 12 25 12 3 22 13 17 12 17 1 2 11 8 11 8 7 1 8 2 0 2 5 14 9 17 9 17 1 9 14 9 22 9 1 9 3 22 12 22 9 11 0 5 8 6 8 2 1 8 11 9 1 7 22 
15 4 13 4 13 22 9 1 17 22 3 17 12 25 12 3 13 22 9 1 9 22 12 3 7 8 1 6 11 21 18 21 18 19 21 16 21 11 21 16 21 16 10 5 11 6 11 8 14 9 11 8 1 9 14 5 2 11 2 5 20 10 20 10 5 8 7 8 2 11 7 22 7 11 0 5 14 9 22 12 
2 5 11 7 1 7 22 17 1 9 14 9 1 17 9 22 13 3 17 13 4 24 15 4 24 15 24 13 4 24 13 17 3 17 6 2 6 17 1 6 8 10 20 5 10 20 5 23 8 6 17 3 13 17 12 25 12 3 17 9 7 22 9 22 13 24 4 15 4 13 24 4 15 24 13 22 9 14 9 3 
3 22 7 9 7 11 9 7 1 11 9 7 17 3 9 14 9 3 17 12 22 7 1 6 11 9 17 12 3 17 13 24 15 4 13 17 12 22 13 3 7 11 5 11 7 8 0 2 11 8 10 16 21 11 7 3 22 7 22 7 11 21 18 19 18 21 11 7 11 2 0 11 0 5 2 11 5 23 5 14 
14 8 7 8 10 5 20 5 10 20 5 0 2 8 5 8 0 11 2 5 11 9 7 1 2 0 5 2 8 10 20 5 11 9 1 11 21 16 10 5 10 20 5 20 5 23 1 8 10 16 10 8 11 5 8 23 5 10 8 14 8 0 5 11 2 5 10 16 21 18 19 18 21 16 10 16 10 16 10 20 
